t000000 2024 04 16
t000001 2024 04 16
t000002 2024 04 16
t000003 2024 04 16
t000004 2024 04 16
t000005 2024 04 16
t000006 2024 04 16
t000007 2024 04 16
t000008 2024 04 16
t000009 2024 04 16
t000010 2024 04 16
t000011 2024 04 16
t000012 2024 04 16
t000013 2024 04 16
t000014 2024 04 16
t000015 2024 04 16
t000016 2024 04 16
t000017 2024 04 16
t000018 2024 04 16
t000019 2024 04 16
t000020 2024 04 16
t000021 2024 04 16
t000022 2024 04 16
t000023 2024 04 16
t000024 2024 04 16
t000025 2024 04 16
t000026 2024 04 16
t000027 2024 04 16
t000028 2024 04 16
t000029 2024 04 16
t000030 2024 04 16
t000031 2024 04 16
t000032 2024 04 16
t000033 2024 04 16
t000034 2024 04 16
t000035 2024 04 16
t000036 2024 04 16
t000037 2024 04 16
t000038 2024 04 16
t000039 2024 04 16
t000040 2024 04 16
t000041 2024 04 16
t000042 2024 04 16
t000043 2024 04 16
t000044 2024 04 16
t000045 2024 04 16
t000046 2024 04 16
t000047 2024 04 16
t000048 2024 04 16
t000049 2024 04 16
t000050 2024 04 16
t000051 2024 04 16
t000052 2024 04 16
t000053 2024 04 16
t000054 2024 04 16
t000055 2024 04 16
t000056 2024 04 16
t000057 2024 04 16
t000058 2024 04 16
t000059 2024 04 16
t000060 2024 04 16
t000061 2024 04 16
t000062 2024 04 16
t000063 2024 04 16
t000064 2024 04 16
t000065 2024 04 16
t000066 2024 04 16
t000067 2024 04 16
t000068 2024 04 16
t000069 2024 04 16
t000070 2024 04 16
t000071 2024 04 16
t000072 2024 04 16
t000073 2024 04 16
t000074 2024 04 16
t000075 2024 04 16
t000076 2024 04 16
t000077 2024 04 16
t000078 2024 04 16
t000079 2024 04 16
t000080 2024 04 16
t000081 2024 04 16
t000082 2024 04 16
t000083 2024 04 16
t000084 2024 04 16
t000085 2024 04 16
t000086 2024 04 16
t000087 2024 04 16
t000088 2024 04 16
t000089 2024 04 16
t000090 2024 04 16
t000091 2024 04 16
t000092 2024 04 16
t000093 2024 04 16
t000094 2024 04 16
t000095 2024 04 16
t000096 2024 04 16
t000097 2024 04 16
t000098 2024 04 16
t000099 2024 04 16
t000100 2024 04 16
t000101 2024 04 16
t000102 2024 04 16
t000103 2024 04 16
t000104 2024 04 16
t000105 2024 04 16
t000106 2024 04 16
t000107 2024 04 16
t000108 2024 04 16
t000109 2024 04 16
t000110 2024 04 16
t000111 2024 04 16
t000112 2024 04 16
t000113 2024 04 16
t000114 2024 04 16
t000115 2024 04 16
t000116 2024 04 16
t000117 2024 04 16
t000118 2024 04 16
t000119 2024 04 16
t000120 2024 04 16
t000121 2024 04 16
t000122 2024 04 16
t000123 2024 04 16
t000124 2024 04 16
t000125 2024 04 16
t000126 2024 04 16
t000127 2024 04 16
t000128 2024 04 16
t000129 2024 04 16
t000130 2024 04 16
t000131 2024 04 16
t000132 2024 04 16
t000133 2024 04 16
t000134 2024 04 16
t000135 2024 04 16
t000136 2024 04 16
t000137 2024 04 16
t000138 2024 04 16
t000139 2024 04 16
t000140 2024 04 16
t000141 2024 04 16
t000142 2024 04 16
t000143 2024 04 16
t000144 2024 04 16
t000145 2024 04 16
t000146 2024 04 16
t000147 2024 04 16
t000148 2024 04 16
t000149 2024 04 16
t000150 2024 04 16
t000151 2024 04 16
t000152 2024 04 16
t000153 2024 04 16
t000154 2024 04 16
t000155 2024 04 16
t000156 2024 04 16
t000157 2024 04 16
t000158 2024 04 16
t000159 2024 04 16
t000160 2024 04 16
t000161 2024 04 16
t000162 2024 04 16
t000163 2024 04 16
t000164 2024 04 16
t000165 2024 04 16
t000166 2024 04 16
t000167 2024 04 16
t000168 2024 04 16
t000169 2024 04 16
t000170 2024 04 16
t000171 2024 04 16
t000172 2024 04 16
t000173 2024 04 16
t000174 2024 04 16
t000175 2024 04 16
t000176 2024 04 16
t000177 2024 04 16
t000178 2024 04 16
t000179 2024 04 16
t000180 2024 04 16
t000181 2024 04 16
t000182 2024 04 16
t000183 2024 04 16
t000184 2024 04 16
t000185 2024 04 16
t000186 2024 04 16
t000187 2024 04 16
t000188 2024 04 16
t000189 2024 04 16
t000190 2024 04 16
t000191 2024 04 16
t000192 2024 04 16
t000193 2024 04 16
t000194 2024 04 16
t000195 2024 04 16
t000196 2024 04 16
t000197 2024 04 16
t000198 2024 04 16
t000199 2024 04 16
t000200 2024 04 16
t000201 2024 04 16
t000202 2024 04 16
t000203 2024 04 16
t000204 2024 04 16
t000205 2024 04 16
t000206 2024 04 16
t000207 2024 04 16
t000208 2024 04 16
t000209 2024 04 16
t000210 2024 04 16
t000211 2024 04 16
t000212 2024 04 16
t000213 2024 04 16
t000214 2024 04 16
t000215 2024 04 16
t000216 2024 04 16
t000217 2024 04 16
t000218 2024 04 16
t000219 2024 04 16
t000220 2024 04 16
t000221 2024 04 16
t000222 2024 04 16
t000223 2024 04 16
t000224 2024 04 16
t000225 2024 04 16
t000226 2024 04 16
t000227 2024 04 16
t000228 2024 04 16
t000229 2024 04 16
t000230 2024 04 16
t000231 2024 04 16
t000232 2024 04 16
t000233 2024 04 16
t000234 2024 04 16
t000235 2024 04 16
t000236 2024 04 16
t000237 2024 04 16
t000238 2024 04 16
t000239 2024 04 16
t000240 2024 04 16
t000241 2024 04 16
t000242 2024 04 16
t000243 2024 04 16
t000244 2024 04 16
t000245 2024 04 16
t000246 2024 04 16
t000247 2024 04 16
t000248 2024 04 16
t000249 2024 04 16
t000250 2024 04 16
t000251 2024 04 16
t000252 2024 04 16
t000253 2024 04 16
t000254 2024 04 16
t000255 2024 04 16
t000256 2024 04 16
t000257 2024 04 16
t000258 2024 04 16
t000259 2024 04 16
t000260 2024 04 16
t000261 2024 04 16
t000262 2024 04 16
t000263 2024 04 16
t000264 2024 04 16
t000265 2024 04 16
t000266 2024 04 16
t000267 2024 04 16
t000268 2024 04 16
t000269 2024 04 16
t000270 2024 04 16
t000271 2024 04 16
t000272 2024 04 16
t000273 2024 04 16
t000274 2024 04 16
t000275 2024 04 16
t000276 2024 04 16
t000277 2024 04 16
t000278 2024 04 16
t000279 2024 04 16
t000280 2024 04 16
t000281 2024 04 16
t000282 2024 04 16
t000283 2024 04 16
t000284 2024 04 16
t000285 2024 04 16
t000286 2024 04 16
t000287 2024 04 16
t000288 2024 04 16
t000289 2024 04 16
t000290 2024 04 16
t000291 2024 04 16
t000292 2024 04 16
t000293 2024 04 16
t000294 2024 04 16
t000295 2024 04 16
t000296 2024 04 16
t000297 2024 04 16
t000298 2024 04 16
t000299 2024 04 16
t000300 2024 04 16
t000301 2024 04 16
t000302 2024 04 16
t000303 2024 04 16
t000304 2024 04 16
t000305 2024 04 16
t000306 2024 04 16
t000307 2024 04 16
t000308 2024 04 16
t000309 2024 04 16
t000310 2024 04 16
t000311 2024 04 16
t000312 2024 04 16
t000313 2024 04 16
t000314 2024 04 16
t000315 2024 04 16
t000316 2024 04 16
t000317 2024 04 16
t000318 2024 04 16
t000319 2024 04 16
t000320 2024 04 16
t000321 2024 04 16
t000322 2024 04 16
t000323 2024 04 16
t000324 2024 04 16
t000325 2024 04 16
t000326 2024 04 16
t000327 2024 04 16
t000328 2024 04 16
t000329 2024 04 16
t000330 2024 04 16
t000331 2024 04 16
t000332 2024 04 16
t000333 2024 04 16
t000334 2024 04 16
t000335 2024 04 16
t000336 2024 04 16
t000337 2024 04 16
t000338 2024 04 16
t000339 2024 04 16
t000340 2024 04 16
t000341 2024 04 16
t000342 2024 04 16
t000343 2024 04 16
t000344 2024 04 16
t000345 2024 04 16
t000346 2024 04 16
t000347 2024 04 16
t000348 2024 04 16
t000349 2024 04 16
t000350 2024 04 16
t000351 2024 04 16
t000352 2024 04 16
t000353 2024 04 16
t000354 2024 04 16
t000355 2024 04 16
t000356 2024 04 16
t000357 2024 04 16
t000358 2024 04 16
t000359 2024 04 16
t000360 2024 04 16
t000361 2024 04 16
t000362 2024 04 16
t000363 2024 04 16
t000364 2024 04 16
t000365 2024 04 16
t000366 2024 04 16
t000367 2024 04 16
t000368 2024 04 16
t000369 2024 04 16
t000370 2024 04 16
t000371 2024 04 16
t000372 2024 04 16
t000373 2024 04 16
t000374 2024 04 16
t000375 2024 04 16
t000376 2024 04 16
t000377 2024 04 16
t000378 2024 04 16
t000379 2024 04 16
t000380 2024 04 16
t000381 2024 04 16
t000382 2024 04 16
t000383 2024 04 16
t000384 2024 04 16
t000385 2024 04 16
t000386 2024 04 16
t000387 2024 04 16
t000388 2024 04 16
t000389 2024 04 16
t000390 2024 04 16
t000391 2024 04 16
t000392 2024 04 16
t000393 2024 04 16
t000394 2024 04 16
t000395 2024 04 16
t000396 2024 04 16
t000397 2024 04 16
t000398 2024 04 16
t000399 2024 04 16
t000400 2024 04 16
t000401 2024 04 16
t000402 2024 04 16
t000403 2024 04 16
t000404 2024 04 16
t000405 2024 04 16
t000406 2024 04 16
t000407 2024 04 16
t000408 2024 04 16
t000409 2024 04 16
t000410 2024 04 16
t000411 2024 04 16
t000412 2024 04 16
t000413 2024 04 16
t000414 2024 04 16
t000415 2024 04 16
t000416 2024 04 16
t000417 2024 04 16
t000418 2024 04 16
t000419 2024 04 16
t000420 2024 04 16
t000421 2024 04 16
t000422 2024 04 16
t000423 2024 04 16
t000424 2024 04 16
t000425 2024 04 16
t000426 2024 04 16
t000427 2024 04 16
t000428 2024 04 16
t000429 2024 04 16
t000430 2024 04 16
t000431 2024 04 16
t000432 2024 04 16
t000433 2024 04 16
t000434 2024 04 16
t000435 2024 04 16
t000436 2024 04 16
t000437 2024 04 16
t000438 2024 04 16
t000439 2024 04 16
t000440 2024 04 16
t000441 2024 04 16
t000442 2024 04 16
t000443 2024 04 16
t000444 2024 04 16
t000445 2024 04 16
t000446 2024 04 16
t000447 2024 04 16
t000448 2024 04 16
t000449 2024 04 16
t000450 2024 04 16
t000451 2024 04 16
t000452 2024 04 16
t000453 2024 04 16
t000454 2024 04 16
t000455 2024 04 16
t000456 2024 04 16
t000457 2024 04 16
t000458 2024 04 16
t000459 2024 04 16
t000460 2024 04 16
t000461 2024 04 16
t000462 2024 04 16
t000463 2024 04 16
t000464 2024 04 16
t000465 2024 04 16
t000466 2024 04 16
t000467 2024 04 16
t000468 2024 04 16
t000469 2024 04 16
t000470 2024 04 16
t000471 2024 04 16
t000472 2024 04 16
t000473 2024 04 16
t000474 2024 04 16
t000475 2024 04 16
t000476 2024 04 16
t000477 2024 04 16
t000478 2024 04 16
t000479 2024 04 16
t000480 2024 04 16
t000481 2024 04 16
t000482 2024 04 16
t000483 2024 04 16
t000484 2024 04 16
t000485 2024 04 16
t000486 2024 04 16
t000487 2024 04 16
t000488 2024 04 16
t000489 2024 04 16
t000490 2024 04 16
t000491 2024 04 16
t000492 2024 04 16
t000493 2024 04 16
t000494 2024 04 16
t000495 2024 04 16
t000496 2024 04 16
t000497 2024 04 16
t000498 2024 04 16
t000499 2024 04 16
t000500 2024 04 16
t000501 2024 04 16
t000502 2024 04 16
t000503 2024 04 16
t000504 2024 04 16
t000505 2024 04 16
t000506 2024 04 16
t000507 2024 04 16
t000508 2024 04 16
t000509 2024 04 16
t000510 2024 04 16
t000511 2024 04 16
t000512 2024 04 16
t000513 2024 04 16
t000514 2024 04 16
t000515 2024 04 16
t000516 2024 04 16
t000517 2024 04 16
t000518 2024 04 16
t000519 2024 04 16
t000520 2024 04 16
t000521 2024 04 16
t000522 2024 04 16
t000523 2024 04 16
t000524 2024 04 16
t000525 2024 04 16
t000526 2024 04 16
t000527 2024 04 16
t000528 2024 04 16
t000529 2024 04 16
t000530 2024 04 16
t000531 2024 04 16
t000532 2024 04 16
t000533 2024 04 16
t000534 2024 04 16
t000535 2024 04 16
t000536 2024 04 16
t000537 2024 04 16
t000538 2024 04 16
t000539 2024 04 16
t000540 2024 04 16
t000541 2024 04 16
t000542 2024 04 16
t000543 2024 04 16
t000544 2024 04 16
t000545 2024 04 16
t000546 2024 04 16
t000547 2024 04 16
t000548 2024 04 16
t000549 2024 04 16
t000550 2024 04 16
t000551 2024 04 16
t000552 2024 04 16
t000553 2024 04 16
t000554 2024 04 16
t000555 2024 04 16
t000556 2024 04 16
t000557 2024 04 16
t000558 2024 04 16
t000559 2024 04 16
t000560 2024 04 16
t000561 2024 04 16
t000562 2024 04 16
t000563 2024 04 16
t000564 2024 04 16
t000565 2024 04 16
t000566 2024 04 16
t000567 2024 04 16
t000568 2024 04 16
t000569 2024 04 16
t000570 2024 04 16
t000571 2024 04 16
t000572 2024 04 16
t000573 2024 04 16
t000574 2024 04 16
t000575 2024 04 16
t000576 2024 04 16
t000577 2024 04 16
t000578 2024 04 16
t000579 2024 04 16
t000580 2024 04 16
t000581 2024 04 16
t000582 2024 04 16
t000583 2024 04 16
t000584 2024 04 16
t000585 2024 04 16
t000586 2024 04 16
t000587 2024 04 16
t000588 2024 04 16
t000589 2024 04 16
t000590 2024 04 16
t000591 2024 04 16
t000592 2024 04 16
t000593 2024 04 16
t000594 2024 04 16
t000595 2024 04 16
t000596 2024 04 16
t000597 2024 04 16
t000598 2024 04 16
t000599 2024 04 16
t000600 2024 04 16
t000601 2024 04 16
t000602 2024 04 16
t000603 2024 04 16
t000604 2024 04 16
t000605 2024 04 16
t000606 2024 04 16
t000607 2024 04 16
t000608 2024 04 16
t000609 2024 04 16
t000610 2024 04 16
t000611 2024 04 16
t000612 2024 04 16
t000613 2024 04 16
t000614 2024 04 16
t000615 2024 04 16
t000616 2024 04 16
t000617 2024 04 16
t000618 2024 04 16
t000619 2024 04 16
t000620 2024 04 16
t000621 2024 04 16
t000622 2024 04 16
t000623 2024 04 16
t000624 2024 04 16
t000625 2024 04 16
t000626 2024 04 16
t000627 2024 04 16
t000628 2024 04 16
t000629 2024 04 16
t000630 2024 04 16
t000631 2024 04 16
t000632 2024 04 16
t000633 2024 04 16
t000634 2024 04 16
t000635 2024 04 16
t000636 2024 04 16
t000637 2024 04 16
t000638 2024 04 16
t000639 2024 04 16
t000640 2024 04 16
t000641 2024 04 16
t000642 2024 04 16
t000643 2024 04 16
t000644 2024 04 16
t000645 2024 04 16
t000646 2024 04 16
t000647 2024 04 16
t000648 2024 04 16
t000649 2024 04 16
t000650 2024 04 16
t000651 2024 04 16
t000652 2024 04 16
t000653 2024 04 16
t000654 2024 04 16
t000655 2024 04 16
t000656 2024 04 16
t000657 2024 04 16
t000658 2024 04 16
t000659 2024 04 16
t000660 2024 04 16
t000661 2024 04 16
t000662 2024 04 16
t000663 2024 04 16
t000664 2024 04 16
t000665 2024 04 16
t000666 2024 04 16
t000667 2024 04 16
t000668 2024 04 16
t000669 2024 04 16
t000670 2024 04 16
t000671 2024 04 16
t000672 2024 04 16
t000673 2024 04 16
t000674 2024 04 16
t000675 2024 04 16
t000676 2024 04 16
t000677 2024 04 16
t000678 2024 04 16
t000679 2024 04 16
t000680 2024 04 16
t000681 2024 04 16
t000682 2024 04 16
t000683 2024 04 16
t000684 2024 04 16
t000685 2024 04 16
t000686 2024 04 16
t000687 2024 04 16
t000688 2024 04 16
t000689 2024 04 16
t000690 2024 04 16
t000691 2024 04 16
t000692 2024 04 16
t000693 2024 04 16
t000694 2024 04 16
t000695 2024 04 16
t000696 2024 04 16
t000697 2024 04 16
t000698 2024 04 16
t000699 2024 04 16
t000700 2024 04 16
t000701 2024 04 16
t000702 2024 04 16
t000703 2024 04 16
t000704 2024 04 16
t000705 2024 04 16
t000706 2024 04 16
t000707 2024 04 16
t000708 2024 04 16
t000709 2024 04 16
t000710 2024 04 16
t000711 2024 04 16
t000712 2024 04 16
t000713 2024 04 16
t000714 2024 04 16
t000715 2024 04 16
t000716 2024 04 16
t000717 2024 04 16
t000718 2024 04 16
t000719 2024 04 16
t000720 2024 04 16
t000721 2024 04 16
t000722 2024 04 16
t000723 2024 04 16
t000724 2024 04 16
t000725 2024 04 16
t000726 2024 04 16
t000727 2024 04 16
t000728 2024 04 16
t000729 2024 04 16
t000730 2024 04 16
t000731 2024 04 16
t000732 2024 04 16
t000733 2024 04 16
t000734 2024 04 16
t000735 2024 04 16
t000736 2024 04 16
t000737 2024 04 16
t000738 2024 04 16
t000739 2024 04 16
t000740 2024 04 16
t000741 2024 04 16
t000742 2024 04 16
t000743 2024 04 16
t000744 2024 04 16
t000745 2024 04 16
t000746 2024 04 16
t000747 2024 04 16
t000748 2024 04 16
t000749 2024 04 16
t000750 2024 04 16
t000751 2024 04 16
t000752 2024 04 16
t000753 2024 04 16
t000754 2024 04 16
t000755 2024 04 16
t000756 2024 04 16
t000757 2024 04 16
t000758 2024 04 16
t000759 2024 04 16
t000760 2024 04 16
t000761 2024 04 16
t000762 2024 04 16
t000763 2024 04 16
t000764 2024 04 16
t000765 2024 04 16
t000766 2024 04 16
t000767 2024 04 16
t000768 2024 04 16
t000769 2024 04 16
t000770 2024 04 16
t000771 2024 04 16
t000772 2024 04 16
t000773 2024 04 16
t000774 2024 04 16
t000775 2024 04 16
t000776 2024 04 16
t000777 2024 04 16
t000778 2024 04 16
t000779 2024 04 16
t000780 2024 04 16
t000781 2024 04 16
t000782 2024 04 16
t000783 2024 04 16
t000784 2024 04 16
t000785 2024 04 16
t000786 2024 04 16
t000787 2024 04 16
t000788 2024 04 16
t000789 2024 04 16
t000790 2024 04 16
t000791 2024 04 16
t000792 2024 04 16
t000793 2024 04 16
t000794 2024 04 16
t000795 2024 04 16
t000796 2024 04 16
t000797 2024 04 16
t000798 2024 04 16
t000799 2024 04 16
t000800 2024 04 16
t000801 2024 04 16
t000802 2024 04 16
t000803 2024 04 16
t000804 2024 04 16
t000805 2024 04 16
t000806 2024 04 16
t000807 2024 04 16
t000808 2024 04 16
t000809 2024 04 16
t000810 2024 04 16
t000811 2024 04 16
t000812 2024 04 16
t000813 2024 04 16
t000814 2024 04 16
t000815 2024 04 16
t000816 2024 04 16
t000817 2024 04 16
t000818 2024 04 16
t000819 2024 04 16
t000820 2024 04 16
t000821 2024 04 16
t000822 2024 04 16
t000823 2024 04 16
t000824 2024 04 16
t000825 2024 04 16
t000826 2024 04 16
t000827 2024 04 16
t000828 2024 04 16
t000829 2024 04 16
t000830 2024 04 16
t000831 2024 04 16
t000832 2024 04 16
t000833 2024 04 16
t000834 2024 04 16
t000835 2024 04 16
t000836 2024 04 16
t000837 2024 04 16
t000838 2024 04 16
t000839 2024 04 16
t000840 2024 04 16
t000841 2024 04 16
t000842 2024 04 16
t000843 2024 04 16
t000844 2024 04 16
t000845 2024 04 16
t000846 2024 04 16
t000847 2024 04 16
t000848 2024 04 16
t000849 2024 04 16
t000850 2024 04 16
t000851 2024 04 16
t000852 2024 04 16
t000853 2024 04 16
t000854 2024 04 16
t000855 2024 04 16
t000856 2024 04 16
t000857 2024 04 16
t000858 2024 04 16
t000859 2024 04 16
t000860 2024 04 16
t000861 2024 04 16
t000862 2024 04 16
t000863 2024 04 16
t000864 2024 04 16
t000865 2024 04 16
t000866 2024 04 16
t000867 2024 04 16
t000868 2024 04 16
t000869 2024 04 16
t000870 2024 04 16
t000871 2024 04 16
t000872 2024 04 16
t000873 2024 04 16
t000874 2024 04 16
t000875 2024 04 16
t000876 2024 04 16
t000877 2024 04 16
t000878 2024 04 16
t000879 2024 04 16
t000880 2024 04 16
t000881 2024 04 16
t000882 2024 04 16
t000883 2024 04 16
t000884 2024 04 16
t000885 2024 04 16
t000886 2024 04 16
t000887 2024 04 16
t000888 2024 04 16
t000889 2024 04 16
t000890 2024 04 16
t000891 2024 04 16
t000892 2024 04 16
t000893 2024 04 16
t000894 2024 04 16
t000895 2024 04 16
t000896 2024 04 16
t000897 2024 04 16
t000898 2024 04 16
t000899 2024 04 16
t000900 2024 04 16
t000901 2024 04 16
t000902 2024 04 16
t000903 2024 04 16
t000904 2024 04 16
t000905 2024 04 16
t000906 2024 04 16
t000907 2024 04 16
t000908 2024 04 16
t000909 2024 04 16
t000910 2024 04 16
t000911 2024 04 16
t000912 2024 04 16
t000913 2024 04 16
t000914 2024 04 16
t000915 2024 04 16
t000916 2024 04 16
t000917 2024 04 16
t000918 2024 04 16
t000919 2024 04 16
t000920 2024 04 16
t000921 2024 04 16
t000922 2024 04 16
t000923 2024 04 16
t000924 2024 04 16
t000925 2024 04 16
t000926 2024 04 16
t000927 2024 04 16
t000928 2024 04 16
t000929 2024 04 16
t000930 2024 04 16
t000931 2024 04 16
t000932 2024 04 16
t000933 2024 04 16
t000934 2024 04 16
t000935 2024 04 16
t000936 2024 04 16
t000937 2024 04 16
t000938 2024 04 16
t000939 2024 04 16
t000940 2024 04 16
t000941 2024 04 16
t000942 2024 04 16
t000943 2024 04 16
t000944 2024 04 16
t000945 2024 04 16
t000946 2024 04 16
t000947 2024 04 16
t000948 2024 04 16
t000949 2024 04 16
t000950 2024 04 16
t000951 2024 04 16
t000952 2024 04 16
t000953 2024 04 16
t000954 2024 04 16
t000955 2024 04 16
t000956 2024 04 16
t000957 2024 04 16
t000958 2024 04 16
t000959 2024 04 16
t000960 2024 04 16
t000961 2024 04 16
t000962 2024 04 16
t000963 2024 04 16
t000964 2024 04 16
t000965 2024 04 16
t000966 2024 04 16
t000967 2024 04 16
t000968 2024 04 16
t000969 2024 04 16
t000970 2024 04 16
t000971 2024 04 16
t000972 2024 04 16
t000973 2024 04 16
t000974 2024 04 16
t000975 2024 04 16
t000976 2024 04 16
t000977 2024 04 16
t000978 2024 04 16
t000979 2024 04 16
t000980 2024 04 16
t000981 2024 04 16
t000982 2024 04 16
t000983 2024 04 16
t000984 2024 04 16
t000985 2024 04 16
t000986 2024 04 16
t000987 2024 04 16
t000988 2024 04 16
t000989 2024 04 16
t000990 2024 04 16
t000991 2024 04 16
t000992 2024 04 16
t000993 2024 04 16
t000994 2024 04 16
t000995 2024 04 16
t000996 2024 04 16
t000997 2024 04 16
t000998 2024 04 16
t000999 2024 04 16
t001000 2024 04 16
t001001 2024 04 16
t001002 2024 04 16
t001003 2024 04 16
t001004 2024 04 16
t001005 2024 04 16
t001006 2024 04 16
t001007 2024 04 16
t001008 2024 04 16
t001009 2024 04 16
t001010 2024 04 16
t001011 2024 04 16
t001012 2024 04 16
t001013 2024 04 16
t001014 2024 04 16
t001015 2024 04 16
t001016 2024 04 16
t001017 2024 04 16
t001018 2024 04 16
t001019 2024 04 16
t001020 2024 04 16
t001021 2024 04 16
t001022 2024 04 16
t001023 2024 04 16
t001024 2024 04 16
t001025 2024 04 16
t001026 2024 04 16
t001027 2024 04 16
t001028 2024 04 16
t001029 2024 04 16
t001030 2024 04 16
t001031 2024 04 16
t001032 2024 04 16
t001033 2024 04 16
t001034 2024 04 16
t001035 2024 04 16
t001036 2024 04 16
t001037 2024 04 16
t001038 2024 04 16
t001039 2024 04 16
t001040 2024 04 16
t001041 2024 04 16
t001042 2024 04 16
t001043 2024 04 16
t001044 2024 04 16
t001045 2024 04 16
t001046 2024 04 16
t001047 2024 04 16
t001048 2024 04 16
t001049 2024 04 16
t001050 2024 04 16
t001051 2024 04 16
t001052 2024 04 16
t001053 2024 04 16
t001054 2024 04 16
t001055 2024 04 16
t001056 2024 04 16
t001057 2024 04 16
t001058 2024 04 16
t001059 2024 04 16
t001060 2024 04 16
t001061 2024 04 16
t001062 2024 04 16
t001063 2024 04 16
t001064 2024 04 16
t001065 2024 04 16
t001066 2024 04 16
t001067 2024 04 16
t001068 2024 04 16
t001069 2024 04 16
t001070 2024 04 16
t001071 2024 04 16
t001072 2024 04 16
t001073 2024 04 16
t001074 2024 04 16
t001075 2024 04 16
t001076 2024 04 16
t001077 2024 04 16
t001078 2024 04 16
t001079 2024 04 16
t001080 2024 04 16
t001081 2024 04 16
t001082 2024 04 16
t001083 2024 04 16
t001084 2024 04 16
t001085 2024 04 16
t001086 2024 04 16
t001087 2024 04 16
t001088 2024 04 16
t001089 2024 04 16
t001090 2024 04 16
t001091 2024 04 16
t001092 2024 04 16
t001093 2024 04 16
t001094 2024 04 16
t001095 2024 04 16
t001096 2024 04 16
t001097 2024 04 16
t001098 2024 04 16
t001099 2024 04 16
t001100 2024 04 16
t001101 2024 04 16
t001102 2024 04 16
t001103 2024 04 16
t001104 2024 04 16
t001105 2024 04 16
t001106 2024 04 16
t001107 2024 04 16
t001108 2024 04 16
t001109 2024 04 16
t001110 2024 04 16
t001111 2024 04 16
t001112 2024 04 16
t001113 2024 04 16
t001114 2024 04 16
t001115 2024 04 16
t001116 2024 04 16
t001117 2024 04 16
t001118 2024 04 16
t001119 2024 04 16
t001120 2024 04 16
t001121 2024 04 16
t001122 2024 04 16
t001123 2024 04 16
t001124 2024 04 16
t001125 2024 04 16
t001126 2024 04 16
t001127 2024 04 16
t001128 2024 04 16
t001129 2024 04 16
t001130 2024 04 16
t001131 2024 04 16
t001132 2024 04 16
t001133 2024 04 16
t001134 2024 04 16
t001135 2024 04 16
t001136 2024 04 16
t001137 2024 04 16
t001138 2024 04 16
t001139 2024 04 16
t001140 2024 04 16
t001141 2024 04 16
t001142 2024 04 16
t001143 2024 04 16
t001144 2024 04 16
t001145 2024 04 16
t001146 2024 04 16
t001147 2024 04 16
t001148 2024 04 16
t001149 2024 04 16
t001150 2024 04 16
t001151 2024 04 16
t001152 2024 04 16
t001153 2024 04 16
t001154 2024 04 16
t001155 2024 04 16
t001156 2024 04 16
t001157 2024 04 16
t001158 2024 04 16
t001159 2024 04 16
t001160 2024 04 16
t001161 2024 04 16
t001162 2024 04 16
t001163 2024 04 16
t001164 2024 04 16
t001165 2024 04 16
t001166 2024 04 16
t001167 2024 04 16
t001168 2024 04 16
t001169 2024 04 16
t001170 2024 04 16
t001171 2024 04 16
t001172 2024 04 16
t001173 2024 04 16
t001174 2024 04 16
t001175 2024 04 16
t001176 2024 04 16
t001177 2024 04 16
t001178 2024 04 16
t001179 2024 04 16
t001180 2024 04 16
t001181 2024 04 16
t001182 2024 04 16
t001183 2024 04 16
t001184 2024 04 16
t001185 2024 04 16
t001186 2024 04 16
t001187 2024 04 16
t001188 2024 04 16
t001189 2024 04 16
t001190 2024 04 16
t001191 2024 04 16
t001192 2024 04 16
t001193 2024 04 16
t001194 2024 04 16
t001195 2024 04 16
t001196 2024 04 16
t001197 2024 04 16
t001198 2024 04 16
t001199 2024 04 16
t001200 2024 04 16
t001201 2024 04 16
t001202 2024 04 16
t001203 2024 04 16
t001204 2024 04 16
t001205 2024 04 16
t001206 2024 04 16
t001207 2024 04 16
t001208 2024 04 16
t001209 2024 04 16
t001210 2024 04 16
t001211 2024 04 16
t001212 2024 04 16
t001213 2024 04 16
t001214 2024 04 16
t001215 2024 04 16
t001216 2024 04 16
t001217 2024 04 16
t001218 2024 04 16
t001219 2024 04 16
t001220 2024 04 16
t001221 2024 04 16
t001222 2024 04 16
t001223 2024 04 16
t001224 2024 04 16
t001225 2024 04 16
t001226 2024 04 16
t001227 2024 04 16
t001228 2024 04 16
t001229 2024 04 16
t001230 2024 04 16
t001231 2024 04 16
t001232 2024 04 16
t001233 2024 04 16
t001234 2024 04 16
t001235 2024 04 16
t001236 2024 04 16
t001237 2024 04 16
t001238 2024 04 16
t001239 2024 04 16
t001240 2024 04 16
t001241 2024 04 16
t001242 2024 04 16
t001243 2024 04 16
t001244 2024 04 16
t001245 2024 04 16
t001246 2024 04 16
t001247 2024 04 16
t001248 2024 04 16
t001249 2024 04 16
t001250 2024 04 16
t001251 2024 04 16
t001252 2024 04 16
t001253 2024 04 16
t001254 2024 04 16
t001255 2024 04 16
t001256 2024 04 16
t001257 2024 04 16
t001258 2024 04 16
t001259 2024 04 16
t001260 2024 04 16
t001261 2024 04 16
t001262 2024 04 16
t001263 2024 04 16
t001264 2024 04 16
t001265 2024 04 16
t001266 2024 04 16
t001267 2024 04 16
t001268 2024 04 16
t001269 2024 04 16
t001270 2024 04 16
t001271 2024 04 16
t001272 2024 04 16
t001273 2024 04 16
t001274 2024 04 16
t001275 2024 04 16
t001276 2024 04 16
t001277 2024 04 16
t001278 2024 04 16
t001279 2024 04 16
t001280 2024 04 16
t001281 2024 04 16
t001282 2024 04 16
t001283 2024 04 16
t001284 2024 04 16
t001285 2024 04 16
t001286 2024 04 16
t001287 2024 04 16
t001288 2024 04 16
t001289 2024 04 16
t001290 2024 04 16
t001291 2024 04 16
t001292 2024 04 16
t001293 2024 04 16
t001294 2024 04 16
t001295 2024 04 16
t001296 2024 04 16
t001297 2024 04 16
t001298 2024 04 16
t001299 2024 04 16
t001300 2024 04 16
t001301 2024 04 16
t001302 2024 04 16
t001303 2024 04 16
t001304 2024 04 16
t001305 2024 04 16
t001306 2024 04 16
t001307 2024 04 16
t001308 2024 04 16
t001309 2024 04 16
t001310 2024 04 16
t001311 2024 04 16
t001312 2024 04 16
t001313 2024 04 16
t001314 2024 04 16
t001315 2024 04 16
t001316 2024 04 16
t001317 2024 04 16
t001318 2024 04 16
t001319 2024 04 16
t001320 2024 04 16
t001321 2024 04 16
t001322 2024 04 16
t001323 2024 04 16
t001324 2024 04 16
t001325 2024 04 16
t001326 2024 04 16
t001327 2024 04 16
t001328 2024 04 16
t001329 2024 04 16
t001330 2024 04 16
t001331 2024 04 16
t001332 2024 04 16
t001333 2024 04 16
t001334 2024 04 16
t001335 2024 04 16
t001336 2024 04 16
t001337 2024 04 16
t001338 2024 04 16
t001339 2024 04 16
t001340 2024 04 16
t001341 2024 04 16
t001342 2024 04 16
t001343 2024 04 16
t001344 2024 04 16
t001345 2024 04 16
t001346 2024 04 16
t001347 2024 04 16
t001348 2024 04 16
t001349 2024 04 16
t001350 2024 04 16
t001351 2024 04 16
t001352 2024 04 16
t001353 2024 04 16
t001354 2024 04 16
t001355 2024 04 16
t001356 2024 04 16
t001357 2024 04 16
t001358 2024 04 16
t001359 2024 04 16
t001360 2024 04 16
t001361 2024 04 16
t001362 2024 04 16
t001363 2024 04 16
t001364 2024 04 16
t001365 2024 04 16
t001366 2024 04 16
t001367 2024 04 16
t001368 2024 04 16
t001369 2024 04 16
t001370 2024 04 16
t001371 2024 04 16
t001372 2024 04 16
t001373 2024 04 16
t001374 2024 04 16
t001375 2024 04 16
t001376 2024 04 16
t001377 2024 04 16
t001378 2024 04 16
t001379 2024 04 16
t001380 2024 04 16
t001381 2024 04 16
t001382 2024 04 16
t001383 2024 04 16
t001384 2024 04 16
t001385 2024 04 16
t001386 2024 04 16
t001387 2024 04 16
t001388 2024 04 16
t001389 2024 04 16
t001390 2024 04 16
t001391 2024 04 16
t001392 2024 04 16
t001393 2024 04 16
t001394 2024 04 16
t001395 2024 04 16
t001396 2024 04 16
t001397 2024 04 16
t001398 2024 04 16
t001399 2024 04 16
t001400 2024 04 16
t001401 2024 04 16
t001402 2024 04 16
t001403 2024 04 16
t001404 2024 04 16
t001405 2024 04 16
t001406 2024 04 16
t001407 2024 04 16
t001408 2024 04 16
t001409 2024 04 16
t001410 2024 04 16
t001411 2024 04 16
t001412 2024 04 16
t001413 2024 04 16
t001414 2024 04 16
t001415 2024 04 16
t001416 2024 04 16
t001417 2024 04 16
t001418 2024 04 16
t001419 2024 04 16
t001420 2024 04 16
t001421 2024 04 16
t001422 2024 04 16
t001423 2024 04 16
t001424 2024 04 16
t001425 2024 04 16
t001426 2024 04 16
t001427 2024 04 16
t001428 2024 04 16
t001429 2024 04 16
t001430 2024 04 16
t001431 2024 04 16
t001432 2024 04 16
t001433 2024 04 16
t001434 2024 04 16
t001435 2024 04 16
t001436 2024 04 16
t001437 2024 04 16
t001438 2024 04 16
t001439 2024 04 16
t001440 2024 04 16
t001441 2024 04 16
t001442 2024 04 16
t001443 2024 04 16
t001444 2024 04 16
t001445 2024 04 16
t001446 2024 04 16
t001447 2024 04 16
t001448 2024 04 16
t001449 2024 04 16
t001450 2024 04 16
t001451 2024 04 16
t001452 2024 04 16
t001453 2024 04 16
t001454 2024 04 16
t001455 2024 04 16
t001456 2024 04 16
t001457 2024 04 16
t001458 2024 04 16
t001459 2024 04 16
t001460 2024 04 16
t001461 2024 04 16
t001462 2024 04 16
t001463 2024 04 16
t001464 2024 04 16
t001465 2024 04 16
t001466 2024 04 16
t001467 2024 04 16
t001468 2024 04 16
t001469 2024 04 16
t001470 2024 04 16
t001471 2024 04 16
t001472 2024 04 16
t001473 2024 04 16
t001474 2024 04 16
t001475 2024 04 16
t001476 2024 04 16
t001477 2024 04 16
t001478 2024 04 16
t001479 2024 04 16
t001480 2024 04 16
t001481 2024 04 16
t001482 2024 04 16
t001483 2024 04 16
t001484 2024 04 16
t001485 2024 04 16
t001486 2024 04 16
t001487 2024 04 16
t001488 2024 04 16
t001489 2024 04 16
t001490 2024 04 16
t001491 2024 04 16
t001492 2024 04 16
t001493 2024 04 16
t001494 2024 04 16
t001495 2024 04 16
t001496 2024 04 16
t001497 2024 04 16
t001498 2024 04 16
t001499 2024 04 16
t001500 2024 04 16
t001501 2024 04 16
t001502 2024 04 16
t001503 2024 04 16
t001504 2024 04 16
t001505 2024 04 16
t001506 2024 04 16
t001507 2024 04 16
t001508 2024 04 16
t001509 2024 04 16
t001510 2024 04 16
t001511 2024 04 16
t001512 2024 04 16
t001513 2024 04 16
t001514 2024 04 16
t001515 2024 04 16
t001516 2024 04 16
t001517 2024 04 16
t001518 2024 04 16
t001519 2024 04 16
t001520 2024 04 16
t001521 2024 04 16
t001522 2024 04 16
t001523 2024 04 16
t001524 2024 04 16
t001525 2024 04 16
t001526 2024 04 16
t001527 2024 04 16
t001528 2024 04 16
t001529 2024 04 16
t001530 2024 04 16
t001531 2024 04 16
t001532 2024 04 16
t001533 2024 04 16
t001534 2024 04 16
t001535 2024 04 16
t001536 2024 04 16
t001537 2024 04 16
t001538 2024 04 16
t001539 2024 04 16
t001540 2024 04 16
t001541 2024 04 16
t001542 2024 04 16
t001543 2024 04 16
t001544 2024 04 16
t001545 2024 04 16
t001546 2024 04 16
t001547 2024 04 16
t001548 2024 04 16
t001549 2024 04 16
t001550 2024 04 16
t001551 2024 04 16
t001552 2024 04 16
t001553 2024 04 16
t001554 2024 04 16
t001555 2024 04 16
t001556 2024 04 16
t001557 2024 04 16
t001558 2024 04 16
t001559 2024 04 16
t001560 2024 04 16
t001561 2024 04 16
t001562 2024 04 16
t001563 2024 04 16
t001564 2024 04 16
t001565 2024 04 16
t001566 2024 04 16
t001567 2024 04 16
t001568 2024 04 16
t001569 2024 04 16
t001570 2024 04 16
t001571 2024 04 16
t001572 2024 04 16
t001573 2024 04 16
t001574 2024 04 16
t001575 2024 04 16
t001576 2024 04 16
t001577 2024 04 16
t001578 2024 04 16
t001579 2024 04 16
t001580 2024 04 16
t001581 2024 04 16
t001582 2024 04 16
t001583 2024 04 16
t001584 2024 04 16
t001585 2024 04 16
t001586 2024 04 16
t001587 2024 04 16
t001588 2024 04 16
t001589 2024 04 16
t001590 2024 04 16
t001591 2024 04 16
t001592 2024 04 16
t001593 2024 04 16
t001594 2024 04 16
t001595 2024 04 16
t001596 2024 04 16
t001597 2024 04 16
t001598 2024 04 16
t001599 2024 04 16
t001600 2024 04 16
t001601 2024 04 16
t001602 2024 04 16
t001603 2024 04 16
t001604 2024 04 16
t001605 2024 04 16
t001606 2024 04 16
t001607 2024 04 16
t001608 2024 04 16
t001609 2024 04 16
t001610 2024 04 16
t001611 2024 04 16
t001612 2024 04 16
t001613 2024 04 16
t001614 2024 04 16
t001615 2024 04 16
t001616 2024 04 16
t001617 2024 04 16
t001618 2024 04 16
t001619 2024 04 16
t001620 2024 04 16
t001621 2024 04 16
t001622 2024 04 16
t001623 2024 04 16
t001624 2024 04 16
t001625 2024 04 16
t001626 2024 04 16
t001627 2024 04 16
t001628 2024 04 16
t001629 2024 04 16
t001630 2024 04 16
t001631 2024 04 16
t001632 2024 04 16
t001633 2024 04 16
t001634 2024 04 16
t001635 2024 04 16
t001636 2024 04 16
t001637 2024 04 16
t001638 2024 04 16
t001639 2024 04 16
t001640 2024 04 16
t001641 2024 04 16
t001642 2024 04 16
t001643 2024 04 16
t001644 2024 04 16
t001645 2024 04 16
t001646 2024 04 16
t001647 2024 04 16
t001648 2024 04 16
t001649 2024 04 16
t001650 2024 04 16
t001651 2024 04 16
t001652 2024 04 16
t001653 2024 04 16
t001654 2024 04 16
t001655 2024 04 16
t001656 2024 04 16
t001657 2024 04 16
t001658 2024 04 16
t001659 2024 04 16
t001660 2024 04 16
t001661 2024 04 16
t001662 2024 04 16
t001663 2024 04 16
t001664 2024 04 16
t001665 2024 04 16
t001666 2024 04 16
t001667 2024 04 16
t001668 2024 04 16
t001669 2024 04 16
t001670 2024 04 16
t001671 2024 04 16
t001672 2024 04 16
t001673 2024 04 16
t001674 2024 04 16
t001675 2024 04 16
t001676 2024 04 16
t001677 2024 04 16
t001678 2024 04 16
t001679 2024 04 16
t001680 2024 04 16
t001681 2024 04 16
t001682 2024 04 16
t001683 2024 04 16
t001684 2024 04 16
t001685 2024 04 16
t001686 2024 04 16
t001687 2024 04 16
t001688 2024 04 16
t001689 2024 04 16
t001690 2024 04 16
t001691 2024 04 16
t001692 2024 04 16
t001693 2024 04 16
t001694 2024 04 16
t001695 2024 04 16
t001696 2024 04 16
t001697 2024 04 16
t001698 2024 04 16
t001699 2024 04 16
t001700 2024 04 16
t001701 2024 04 16
t001702 2024 04 16
t001703 2024 04 16
t001704 2024 04 16
t001705 2024 04 16
t001706 2024 04 16
t001707 2024 04 16
t001708 2024 04 16
t001709 2024 04 16
t001710 2024 04 16
t001711 2024 04 16
t001712 2024 04 16
t001713 2024 04 16
t001714 2024 04 16
t001715 2024 04 16
t001716 2024 04 16
t001717 2024 04 16
t001718 2024 04 16
t001719 2024 04 16
t001720 2024 04 16
t001721 2024 04 16
t001722 2024 04 16
t001723 2024 04 16
t001724 2024 04 16
t001725 2024 04 16
t001726 2024 04 16
t001727 2024 04 16
t001728 2024 04 16
t001729 2024 04 16
t001730 2024 04 16
t001731 2024 04 16
t001732 2024 04 16
t001733 2024 04 16
t001734 2024 04 16
t001735 2024 04 16
t001736 2024 04 16
t001737 2024 04 16
t001738 2024 04 16
t001739 2024 04 16
t001740 2024 04 16
t001741 2024 04 16
t001742 2024 04 16
t001743 2024 04 16
t001744 2024 04 16
t001745 2024 04 16
t001746 2024 04 16
t001747 2024 04 16
t001748 2024 04 16
t001749 2024 04 16
t001750 2024 04 16
t001751 2024 04 16
t001752 2024 04 16
t001753 2024 04 16
t001754 2024 04 16
t001755 2024 04 16
t001756 2024 04 16
t001757 2024 04 16
t001758 2024 04 16
t001759 2024 04 16
t001760 2024 04 16
t001761 2024 04 16
t001762 2024 04 16
t001763 2024 04 16
t001764 2024 04 16
t001765 2024 04 16
t001766 2024 04 16
t001767 2024 04 16
t001768 2024 04 16
t001769 2024 04 16
t001770 2024 04 16
t001771 2024 04 16
t001772 2024 04 16
t001773 2024 04 16
t001774 2024 04 16
t001775 2024 04 16
t001776 2024 04 16
t001777 2024 04 16
t001778 2024 04 16
t001779 2024 04 16
t001780 2024 04 16
t001781 2024 04 16
t001782 2024 04 16
t001783 2024 04 16
t001784 2024 04 16
t001785 2024 04 16
t001786 2024 04 16
t001787 2024 04 16
t001788 2024 04 16
t001789 2024 04 16
t001790 2024 04 16
t001791 2024 04 16
t001792 2024 04 16
t001793 2024 04 16
t001794 2024 04 16
t001795 2024 04 16
t001796 2024 04 16
t001797 2024 04 16
t001798 2024 04 16
t001799 2024 04 16
t001800 2024 04 16
t001801 2024 04 16
t001802 2024 04 16
t001803 2024 04 16
t001804 2024 04 16
t001805 2024 04 16
t001806 2024 04 16
t001807 2024 04 16
t001808 2024 04 16
t001809 2024 04 16
