v000013
3
0
0
3
0
0
0
1
1
0
0
0
1
3
1
0
0
0
0
2
2
1
0
0
1
3
0
2
0
1
0
0
0
0
2
0
0
0
0
4
0
0
0
0
2
1
1
2
0
0
0
3
1
1
0
0
1
1
1
0
2
2
0
2
0
0
0
0
2
2
0
1
0
0
0
6
1
2
1
0
1
0
0
1
0
0
1
1
0
0
1
2
0
0
0
1
0
3
1
1
1
0
0
2
1
0
1
0
3
2
0
1
1
0
0
3
0
0
2
0
0
0
10
0
0
0
0
1
1
0
1
1
0
2
1
1
0
1
0
0
0
0
1
0
0
1
4
4
0
0
1
0
0
1
2
0
0
0
0
0
2
0
2
0
4
0
1
0
0
0
1
0
0
3
1
1
0
1
0
0
5
2
0
1
0
1
0
0
0
12
1
0
0
1
0
3
0
1
1
0
2
1
2
0
4
1
0
0
1
2
11
2
0
1
0
0
2
0
1
2
0
1
0
1
3
1
0
1
2
0
0
2
0
0
1
0
0
0
2
1
0
9
2
1
4
2
0
0
2
1
1
1
2
0
0
0
0
0
2
0
0
0
4
1
0
0
0
3
0
0
1
0
0
1
0
1
1
2
0
1
3
0
2
1
0
0
0
1
0
0
0
6
0
0
0
0
0
1
0
0
0
0
0
2
2
0
1
0
0
0
0
0
0
0
0
0
2
1
0
1
1
0
1
0
0
0
0
0
0
1
0
0
0
0
3
0
1
0
0
0
1
1
0
2
1
0
2
3
0
0
1
0
0
1
0
0
2
7
0
0
0
0
1
3
0
0
0
2
0
1
1
0
1
0
5
1
1
3
0
1
3
1
0
0
3
0
0
0
0
0
0
1
0
2
0
0
0
2
0
0
1
1
3
0
1
2
0
0
0
1
2
0
2
2
3
2
0
0
3
0
0
1
0
0
1
0
0
2
1
0
4
0
2
1
0
1
0
0
0
0
0
3
0
0
0
3
0
0
0
1
0
0
2
0
0
2
0
1
2
1
0
0
0
0
2
0
5
15
0
1
20
0
0
6
0
1
0
0
0
0
1
0
3
0
2
0
0
1
1
0
4
2
2
2
0
1
0
3
0
0
0
0
0
0
1
0
4
0
1
1
3
1
0
1
3
0
0
0
1
1
3
0
3
0
0
0
3
0
0
0
0
0
0
0
1
1
0
0
0
0
0
0
1
2
3
3
0
1
0
0
0
1
0
0
0
2
4
0
0
0
1
0
2
3
16
0
2
3
3
1
0
0
0
1
0
0
2
0
1
2
1
1
0
0
1
1
1
0
0
0
3
0
0
0
0
0
0
0
1
0
1
0
0
0
4
0
0
0
0
0
1
0
1
0
0
4
0
0
0
1
0
0
1
1
1
0
2
0
1
0
1
3
0
2
2
2
0
0
0
0
2
1
0
2
1
2
0
1
0
0
2
0
0
1
0
3
1
2
0
4
0
0
0
0
0
1
0
6
1
1
0
0
0
2
1
0
0
0
0
1
1
0
0
1
0
1
0
0
0
1
0
0
0
1
0
6
0
0
3
1
0
1
0
1
3
3
0
0
0
1
0
0
0
1
5
0
2
1
0
1
0
4
0
0
0
1
1
0
34
20
31
10
13
17
21
13
11
38
14
15
15
8
27
10
6
0
33
16
11
21
10
24
10
14
18
8
23
79
0
14
7
18
18
8
14
24
13
17
12
35
9
11
21
11
10
16
16
20
3
21
27
10
15
14
13
12
35
24
9
11
17
19
25
9
25
15
13
6
9
13
27
20
15
19
18
24
25
9
9
21
14
18
29
8
8
7
4
27
21
13
4
27
8
11
10
8
9
5
8
42
8
30
20
17
22
21
10
4
18
7
13
32
13
12
17
8
20
12
11
21
9
15
15
11
9
16
15
28
10
17
3
58
18
7
4
28
8
6
19
23
9
4
20
20
9
39
22
15
13
16
32
7
15
16
8
20
18
23
8
15
24
14
11
11
7
20
11
15
21
4
15
17
9
6
5
16
13
19
5
14
14
20
10
4
12
19
66
27
19
9
15
15
5
24
11
22
33
20
2
16
7
35
16
30
11
23
18
10
13
25
9
20
16
14
36
35
15
11
13
20
5
22
15
6
12
18
21
15
12
28
14
14
7
14
13
12
20
19
18
18
13
10
16
21
28
15
8
13
8
28
34
15
6
1
0
1
2
2
1
1
0
0
1
0
0
1
1
0
0
1
1
0
0
0
0
0
2
0
0
0
0
1
0
0
0
0
1
8
0
7
1
0
1
0
1
0
0
0
0
0
3
0
12
0
1
3
1
0
0
0
0
0
2
0
0
0
0
0
2
0
6
1
2
1
1
1
1
1
0
1
0
0
1
0
0
1
0
0
0
2
0
0
6
0
0
2
3
0
0
0
0
0
0
0
0
0
3
2
1
2
0
2
0
0
1
1
1
0
0
1
0
0
1
0
0
0
0
0
2
1
0
0
1
0
1
6
1
0
2
0
1
1
2
0
0
0
1
0
0
0
0
1
0
0
2
1
0
0
0
2
2
3
2
0
1
0
2
0
0
0
0
4
0
0
0
3
0
6
0
2
0
2
5
0
1
0
1
3
2
0
1
0
1
1
1
5
0
0
0
0
15
0
2
1
0
1
6
3
2
0
0
1
0
0
0
2
0
2
0
0
0
4
0
0
1
0
1
5
6
4
1
3
1
2
1
4
0
2
1
0
2
3
0
2
0
0
0
1
0
0
7
0
2
0
0
0
0
2
2
6
0
0
0
0
0
0
0
2
1
0
1
2
1
10
2
0
0
1
0
2
4
3
0
0
2
1
0
0
0
2
1
0
0
1
0
1
0
1
0
0
0
3
0
1
3
2
0
3
3
2
0
0
3
0
2
0
1
0
2
0
0
0
4
2
0
0
0
0
0
1
0
2
3
1
0
2
0
2
1
4
0
1
3
1
3
0
0
0
0
3
0
3
1
1
0
1
1
1
2
0
1
2
0
1
4
0
0
1
0
0
1
0
1
2
0
0
1
1
2
0
0
1
3
0
0
0
2
2
0
0
1
4
0
0
1
1
1
1
0
2
0
1
3
2
0
1
3
0
2
0
4
1
0
0
2
0
0
6
0
0
0
0
0
1
3
0
1
2
1
0
14
1
0
6
0
1
0
1
2
0
2
1
2
0
1
2
2
5
0
0
4
1
0
0
0
7
1
0
0
0
0
1
1
0
0
4
2
2
2
2
1
1
1
0
2
1
5
2
11
6
0
1
0
0
0
1
0
0
1
0
6
1
1
0
0
1
2
3
0
1
5
0
1
1
0
1
13
1
0
0
0
1
0
1
0
0
1
0
0
2
0
1
3
0
1
2
1
2
7
2
0
1
4
0
0
0
0
3
0
2
8
1
0
0
5
0
0
0
1
0
3
3
4
0
0
1
4
0
0
0
1
1
3
3
9
5
0
0
1
0
3
0
0
0
0
0
0
1
0
0
0
1
0
0
1
1
1
2
0
0
0
0
2
1
0
0
6
2
5
0
1
1
0
0
0
0
2
0
0
0
0
0
1
10
0
2
0
0
8
0
0
2
0
3
0
0
0
0
0
1
1
5
0
0
1
0
2
0
0
0
0
0
16
0
0
0
2
3
0
0
0
1
1
3
0
0
1
8
0
0
0
0
0
0
4
0
2
0
6
0
0
0
2
2
2
1
0
1
0
3
0
0
2
0
0
0
1
0
3
0
0
2
0
0
2
1
0
0
0
0
0
0
0
1
0
3
0
1
0
0
0
0
1
0
0
0
0
0
0
0
1
0
0
0
0
0
1
0
11
0
2
0
0
0
0
3
1
1
1
0
0
0
0
1
0
1
0
1
0
0
0
0
0
0
0
0
0
0
0
0
0
0
0
1
0
0
0
1
0
1
2
0
0
0
3
2
0
0
0
1
0
0
0
0
1
0
0
0
0
0
0
1
0
0
0
0
0
0
0
1
2
1
0
0
0
0
1
0
0
1
1
0
2
0
0
2
0
0
0
0
0
0
0
0
0
1
0
0
1
0
