v000001
16
4
1
40
9
3
5
10
6
3
6
0
4
5
4
10
7
15
2
1
0
4
3
0
4
1
0
1
4
3
4
2
2
0
3
3
6
1
9
6
2
0
1
7
5
1
6
5
0
6
8
2
1
3
6
2
2
2
5
7
8
5
2
5
5
1
8
5
3
0
3
0
3
4
5
2
5
1
1
3
8
2
2
3
2
5
4
3
6
4
8
0
5
3
0
8
4
1
2
8
1
6
2
4
11
3
4
0
3
9
0
5
4
11
3
14
2
4
1
10
5
2
5
9
4
0
2
6
1
5
3
6
1
7
5
2
4
6
1
2
2
5
2
3
4
1
9
1
0
2
12
1
2
1
4
0
2
0
1
6
2
6
3
2
5
9
7
3
3
4
2
1
3
1
6
6
1
5
4
0
12
0
4
1
3
1
1
5
2
1
4
4
1
4
3
1
2
2
2
4
4
2
3
0
2
6
10
2
6
1
2
4
5
4
2
1
0
4
3
2
0
3
3
0
3
0
5
0
0
0
5
5
2
1
11
7
3
3
2
4
4
4
4
7
7
3
7
13
2
2
11
4
3
6
0
6
3
7
1
8
6
3
6
8
1
5
4
2
1
6
4
3
8
3
1
2
1
3
7
3
2
6
1
4
4
4
1
4
12
2
5
9
4
2
5
3
4
6
8
5
2
5
3
5
7
4
5
3
4
0
1
1
2
5
4
8
0
1
7
0
2
6
2
2
4
2
1
2
5
0
4
4
4
6
4
8
1
6
4
3
17
0
3
4
4
2
6
2
2
0
2
10
7
0
1
2
3
14
0
0
1
6
0
1
2
2
4
5
5
9
0
3
1
3
0
1
2
5
2
3
8
3
6
17
1
3
3
10
1
0
0
3
4
3
6
2
6
8
6
0
5
4
4
2
7
12
3
1
0
0
4
6
6
4
4
8
0
3
6
0
1
2
3
9
6
1
2
1
10
0
1
2
2
8
5
1
3
3
3
2
3
1
4
0
6
2
1
3
0
1
0
0
0
0
3
1
2
2
6
1
2
4
9
4
2
2
2
14
2
1
11
1
2
6
6
7
8
2
3
6
1
2
1
3
5
1
4
5
5
0
3
1
0
10
5
5
5
8
3
8
0
8
11
9
10
4
5
2
1
5
1
2
4
2
2
5
4
3
4
6
6
7
2
5
4
5
5
5
4
0
3
0
5
2
1
4
1
0
6
4
1
4
1
3
7
3
3
2
5
0
2
4
1
1
3
8
3
1
5
10
5
3
5
4
14
5
0
3
4
4
2
6
0
6
0
2
3
8
2
2
0
1
9
4
2
10
6
2
4
15
5
3
9
7
8
4
2
1
5
2
3
3
7
1
4
4
2
4
7
3
2
3
2
7
11
1
7
1
2
6
4
15
2
6
1
5
3
7
4
2
3
0
3
2
6
7
4
4
4
4
5
4
1
5
4
0
7
3
3
2
2
1
0
5
3
5
1
3
0
11
2
1
6
3
6
2
0
1
2
4
1
4
9
3
3
11
1
7
2
5
0
6
2
7
4
3
4
0
5
1
4
5
22
3
4
0
5
7
0
6
3
1
5
1
4
8
9
6
3
2
4
4
4
8
5
0
10
5
3
8
1
4
5
5
0
3
6
13
67
78
132
82
55
115
91
63
28
75
70
92
93
110
148
62
35
7
74
88
50
74
78
81
45
65
71
89
97
76
23
100
63
88
60
63
52
110
128
78
85
38
63
40
42
55
68
52
55
50
73
59
61
79
68
83
86
68
72
86
39
47
76
100
70
71
85
27
60
50
58
57
83
59
107
67
64
93
113
46
62
91
85
41
88
35
106
103
96
90
86
56
12
39
58
49
47
69
60
39
51
64
68
58
120
71
66
75
55
57
87
69
82
118
100
44
125
70
75
112
125
126
60
94
63
79
72
82
84
101
51
100
74
90
128
41
89
106
103
40
77
37
54
46
134
66
67
59
50
48
58
31
83
64
63
72
71
63
76
46
50
64
70
93
104
47
39
100
70
44
60
52
111
48
44
70
84
71
96
88
38
99
52
55
37
59
61
44
36
57
72
75
107
93
54
95
55
138
92
76
9
71
115
134
104
113
67
78
22
87
91
84
61
62
55
72
81
74
49
60
91
58
48
107
98
87
68
81
97
93
80
45
113
100
67
78
78
101
70
56
60
91
50
84
100
96
86
95
86
105
62
88
115
51
8
1
3
2
1
6
25
1
1
1
12
2
4
7
8
1
3
6
2
6
19
18
8
0
3
3
1
8
2
1
1
3
6
5
4
37
8
5
7
1
3
1
5
4
9
0
8
10
5
4
107
1
6
6
0
6
7
5
0
1
8
4
5
6
2
2
3
5
6
9
17
4
2
10
4
4
5
6
4
9
1
2
4
2
2
1
2
5
5
0
7
2
14
3
4
19
7
0
1
4
4
5
4
6
58
3
2
3
0
4
2
11
2
3
3
5
0
4
7
2
2
5
2
5
0
1
2
2
4
6
0
2
4
6
6
8
3
4
2
10
9
5
4
4
4
7
3
4
5
2
3
3
0
2
2
2
2
2
5
0
7
7
1
4
7
3
1
1
3
4
7
4
1
3
2
9
5
9
5
0
5
5
16
1
8
5
5
3
4
5
3
4
6
8
7
2
4
2
7
2
6
10
1
3
2
6
6
4
3
3
3
19
4
5
2
22
4
1
6
17
9
11
9
4
2
3
6
12
1
7
0
0
5
13
1
10
2
1
0
7
1
4
3
5
3
2
0
6
80
1
2
1
2
3
4
3
1
5
9
2
4
5
1
3
5
3
2
3
3
5
16
21
3
15
0
4
2
8
3
8
4
11
7
4
5
2
4
2
6
5
2
2
8
4
1
7
9
4
1
5
5
4
4
9
4
10
3
10
4
2
1
3
3
0
5
1
31
1
1
0
3
7
6
5
3
4
0
5
3
10
11
5
9
3
2
6
6
6
4
5
27
42
7
5
2
2
3
2
2
4
1
3
4
0
6
9
6
2
7
10
0
7
3
0
9
5
4
2
4
4
4
2
3
6
2
3
0
9
5
10
1
5
10
0
10
12
3
2
6
28
7
5
3
3
9
3
1
9
9
5
5
5
1
6
13
3
5
1
3
3
2
15
1
4
7
0
4
4
14
3
6
6
8
0
1
0
4
6
17
3
3
28
3
7
0
3
5
12
2
10
20
1
1
6
7
5
3
7
5
1
7
2
2
4
6
0
5
0
2
3
1
5
2
2
0
8
5
7
3
6
8
2
8
2
20
2
7
7
1
3
2
2
1
6
0
9
4
4
1
2
16
1
7
11
5
3
3
3
13
0
3
2
0
1
4
3
4
2
2
2
5
3
0
1
1
8
2
4
3
47
6
7
2
6
3
6
9
3
5
1
41
1
4
1
3
3
7
2
2
3
0
0
2
11
6
1
2
2
3
8
2
2
2
6
10
0
11
2
30
9
7
7
15
0
1
0
7
0
2
3
8
5
0
0
8
7
2
4
5
3
2
1
9
0
3
5
7
3
0
5
1
3
2
8
6
4
17
2
4
5
2
3
6
7
2
1
7
0
1
3
6
2
1
2
0
1
1
4
1
3
9
7
2
6
4
2
8
6
4
2
3
1
6
0
2
2
4
4
6
3
23
6
7
8
2
7
2
2
8
10
3
0
2
1
1
25
0
1
2
5
1
0
15
0
8
6
2
2
11
7
7
11
3
1
8
5
4
7
4
9
17
1
1
5
8
1
3
3
4
2
5
9
6
1
0
0
1
3
4
1
0
3
1
0
1
0
3
2
6
0
3
2
3
5
1
0
8
0
0
0
3
2
3
2
0
4
8
0
1
4
7
2
1
5
1
0
0
6
3
0
0
4
2
4
2
3
6
1
0
0
4
0
4
3
2
1
5
1
5
5
5
0
1
0
2
8
2
0
1
4
4
1
1
3
2
3
2
0
0
2
5
2
0
6
1
0
2
4
1
1
3
1
1
3
0
0
8
7
3
1
2
3
1
0
3
1
1
3
0
0
11
3
2
0
3
3
1
1
6
2
5
0
1
3
1
5
2
1
