v000021
0
0
0
1
2
1
1
0
1
2
2
0
3
4
0
0
2
3
0
1
2
0
1
0
2
1
0
0
3
5
0
1
0
4
1
0
1
3
0
8
3
0
0
0
3
0
1
1
1
1
0
1
1
2
2
2
1
1
0
1
1
2
0
1
0
1
1
1
2
2
2
1
0
0
0
1
1
1
1
0
0
0
0
3
0
0
1
0
0
0
1
1
0
1
0
0
0
1
3
0
1
2
0
3
1
1
3
2
0
0
0
1
0
1
0
0
0
0
1
1
0
2
1
0
0
0
0
1
1
0
0
4
0
0
0
1
2
3
1
1
0
1
1
1
0
0
0
5
1
1
1
0
0
0
1
2
0
0
1
0
0
0
3
0
1
1
0
2
2
2
5
0
1
1
0
0
0
2
0
0
0
1
1
0
2
1
1
3
0
1
0
1
0
1
5
0
3
0
1
0
1
1
0
1
3
1
0
2
0
5
0
3
3
3
1
0
2
1
3
3
0
0
0
5
3
1
1
0
1
3
0
1
0
0
1
1
0
4
4
0
2
1
2
2
1
1
1
2
0
2
0
1
1
0
3
0
0
1
1
0
0
0
1
1
0
1
1
6
0
3
2
1
3
1
0
1
0
3
0
0
3
1
1
0
0
0
0
2
1
0
3
0
0
0
0
0
0
0
1
1
3
0
1
1
1
0
2
1
1
1
0
1
1
0
0
2
3
0
0
1
2
0
0
0
0
0
0
0
0
1
1
1
1
2
2
0
0
0
2
1
1
1
0
1
0
1
2
1
0
2
4
2
0
1
1
0
1
0
0
2
0
0
2
1
0
2
0
0
3
1
4
1
2
0
2
0
3
1
0
0
0
0
0
3
2
2
0
0
0
0
2
0
1
0
0
0
1
0
0
0
1
0
2
1
2
0
0
0
0
0
2
1
2
4
2
0
1
0
1
0
0
1
0
0
0
0
1
2
0
1
1
1
0
1
3
0
1
0
2
0
0
4
2
2
0
3
0
1
1
1
0
0
0
1
1
1
1
2
0
1
0
1
0
0
1
0
2
0
1
2
1
0
1
0
0
1
0
4
0
0
2
0
0
3
2
0
0
0
2
0
2
0
2
1
2
0
0
0
2
0
0
1
0
3
2
0
0
0
1
0
1
0
1
3
0
1
2
0
0
1
2
5
3
0
1
0
2
0
0
0
2
0
0
2
0
1
0
1
0
1
1
1
0
1
4
1
0
3
0
4
0
3
0
0
0
0
1
0
0
0
1
0
2
3
1
3
0
0
1
0
1
0
1
2
1
1
2
0
0
1
0
1
1
0
0
0
0
2
0
0
0
2
5
0
0
0
0
0
3
5
1
0
1
2
3
0
0
0
1
1
0
1
0
0
0
2
1
2
4
0
1
1
0
3
0
0
0
1
0
1
0
2
2
3
1
1
1
0
0
0
1
0
5
0
0
4
0
2
0
1
0
2
1
0
1
1
1
1
0
6
0
0
0
0
0
0
0
2
3
0
0
0
3
1
0
1
1
0
0
0
2
0
0
1
4
0
0
0
1
1
0
2
0
0
2
5
1
1
3
0
0
1
1
2
0
0
0
1
1
2
0
0
1
1
8
0
0
0
0
3
1
3
2
0
1
1
0
1
23
6
8
9
25
3
6
3
14
12
14
11
5
3
25
10
5
0
9
15
6
12
6
14
21
13
19
18
16
9
8
18
15
7
18
10
14
10
10
20
8
24
16
22
12
20
19
5
14
19
2
22
21
11
11
10
41
10
29
23
13
31
12
15
14
15
16
19
12
1
10
13
28
17
26
15
30
14
22
28
19
19
6
15
40
5
9
10
11
13
15
6
1
17
19
14
24
12
13
12
11
30
16
15
9
17
8
16
20
17
19
6
42
13
4
12
3
6
9
9
17
29
7
16
11
16
12
9
11
11
16
6
2
28
7
15
10
22
7
10
9
10
10
0
20
32
13
10
17
13
15
9
53
21
2
28
6
30
20
10
16
2
21
18
13
16
0
6
16
15
33
11
4
16
23
15
22
11
22
15
15
19
20
15
13
9
15
15
15
31
18
9
16
8
8
14
16
23
14
12
2
15
2
12
20
20
12
17
22
16
29
12
6
27
13
12
18
16
11
17
20
44
14
23
17
22
10
9
13
22
20
49
13
15
6
16
29
3
19
13
30
22
5
8
12
36
29
2
12
5
18
21
17
3
0
0
0
0
0
0
1
2
0
0
0
1
0
0
0
0
0
1
0
0
1
6
0
0
0
0
0
1
0
0
0
0
1
0
0
0
0
0
0
0
0
1
0
1
0
0
0
0
0
0
6
0
0
0
0
0
0
0
0
0
0
0
0
0
0
0
0
0
0
0
0
0
3
0
0
0
0
0
0
0
0
1
0
0
0
0
0
0
0
0
1
0
1
0
0
0
0
0
0
0
0
0
0
0
3
0
0
0
0
0
0
0
0
0
0
0
0
0
0
0
0
0
0
0
0
0
0
0
0
0
0
0
0
0
0
0
1
0
0
0
0
0
0
0
0
0
0
0
0
0
0
0
0
1
0
0
0
0
0
0
0
0
0
0
0
0
0
0
0
0
0
0
0
0
0
0
0
7
0
0
0
0
0
0
0
0
0
0
0
0
0
1
0
0
0
0
0
0
0
0
0
0
0
0
0
0
1
0
0
0
0
0
0
0
1
0
0
0
0
0
0
0
0
0
0
0
0
0
0
0
0
0
0
0
0
0
0
0
0
0
0
0
0
0
0
0
0
0
1
0
0
0
0
0
0
0
0
0
0
0
0
0
0
0
0
0
0
0
0
0
0
12
0
0
0
0
1
0
0
0
0
0
0
0
0
0
0
0
0
0
1
0
0
0
0
0
0
0
3
0
0
0
0
0
0
2
0
0
0
0
0
0
1
0
0
0
1
0
0
0
0
0
0
0
0
0
0
0
0
0
0
0
3
0
0
0
0
0
0
1
0
0
0
8
0
0
0
0
0
0
0
0
0
0
0
0
0
0
5
0
1
0
0
0
0
0
0
0
0
0
0
1
0
0
0
0
0
0
0
0
0
0
0
0
0
0
0
0
0
0
0
0
0
0
0
0
0
0
0
0
0
0
0
0
0
0
0
0
0
0
0
0
0
0
0
0
0
0
2
0
2
0
0
0
0
1
0
0
1
0
0
7
0
0
0
0
0
0
0
0
2
0
1
0
0
0
0
0
0
0
0
0
0
0
1
0
0
0
0
0
0
0
0
0
0
0
0
0
0
0
0
0
0
0
0
0
0
0
0
0
0
0
0
0
0
0
0
0
0
0
0
0
0
0
0
0
0
0
0
0
0
0
0
0
0
0
0
0
0
0
1
0
0
0
0
0
0
0
0
0
0
1
0
0
0
0
2
0
0
0
0
0
0
0
0
0
0
0
0
0
0
0
0
0
0
0
0
0
0
0
1
0
0
0
0
0
0
0
0
0
0
10
0
0
0
0
0
0
0
0
0
0
0
0
0
0
0
0
5
0
0
0
0
0
0
0
0
0
0
0
0
2
3
0
0
0
0
0
0
0
0
0
0
0
0
0
0
0
0
0
0
0
0
0
0
0
0
0
0
0
0
0
0
0
0
0
0
0
0
0
0
0
0
0
0
0
0
0
0
0
1
0
0
0
0
0
0
0
0
0
0
0
0
0
0
0
0
0
0
0
0
0
0
0
0
0
0
0
0
0
4
0
0
0
0
0
0
0
0
0
5
0
0
0
0
0
0
0
0
0
0
0
0
3
0
1
0
3
0
0
0
1
1
1
0
0
0
0
1
0
0
0
1
2
0
0
0
0
1
0
0
0
0
0
0
1
1
0
0
0
0
0
1
0
0
0
0
0
1
1
1
1
1
0
0
0
0
0
1
0
0
0
0
0
1
1
0
0
0
0
0
1
0
0
0
2
0
0
0
0
0
0
0
1
1
0
0
1
0
1
0
0
0
0
0
0
1
0
0
5
0
0
0
0
0
1
0
0
0
2
0
0
2
0
0
1
1
0
1
0
1
0
0
0
2
0
0
0
0
0
1
0
0
0
0
0
0
0
