v000012
9
0
2
3
5
7
0
5
0
0
3
0
3
1
0
10
3
1
1
3
1
0
1
0
0
1
0
6
0
0
0
2
1
6
1
5
4
0
2
5
3
0
3
6
4
2
1
1
0
2
2
0
1
4
2
5
1
4
3
0
2
1
0
0
1
3
0
2
0
3
3
0
1
0
2
9
0
0
5
1
0
0
1
0
1
3
0
1
0
0
1
0
1
4
0
1
1
3
0
2
0
6
3
0
0
11
1
5
1
9
1
0
1
6
3
2
4
0
4
1
1
1
3
3
0
1
5
1
6
1
0
3
0
6
0
0
1
3
3
6
1
4
0
2
3
1
4
2
0
1
1
0
1
2
2
2
7
0
0
2
0
5
2
0
1
5
0
0
0
1
4
1
0
1
0
3
0
3
0
0
7
1
1
1
7
1
1
4
6
4
0
5
1
5
1
3
2
0
1
0
0
3
2
1
3
1
9
1
1
0
0
3
0
1
0
1
0
3
1
1
0
4
0
1
5
1
1
3
0
1
2
2
1
0
5
0
3
0
0
0
0
2
2
0
3
3
1
5
1
0
1
4
1
3
1
0
11
12
0
2
1
2
0
2
0
1
4
1
2
1
3
3
2
0
1
1
0
1
5
0
0
1
1
1
3
1
1
0
8
3
0
1
0
2
1
2
4
2
3
2
1
1
2
4
5
0
0
4
6
3
1
12
0
7
7
1
2
4
0
2
3
0
6
0
3
0
2
0
6
0
2
2
1
5
3
3
0
10
0
0
4
3
0
0
3
0
3
0
1
1
1
0
2
1
1
4
1
1
0
2
2
2
0
2
2
5
1
1
0
3
0
1
9
3
0
1
0
1
3
0
2
1
2
11
0
2
1
8
2
2
0
1
2
2
3
0
3
3
10
3
1
5
0
2
0
3
1
3
1
0
3
0
0
1
0
0
0
0
2
3
1
1
1
13
2
0
1
5
5
0
4
2
2
0
1
2
0
0
5
0
0
4
4
3
1
1
1
2
2
0
0
1
4
2
1
0
2
0
8
4
3
1
0
1
0
5
1
6
3
3
3
0
2
7
1
4
0
1
1
0
0
1
2
2
3
3
1
2
0
0
0
0
4
4
0
0
1
5
0
0
0
3
4
8
3
3
2
1
1
8
4
1
1
1
0
0
6
0
0
1
2
0
0
7
2
2
7
4
1
2
0
4
4
0
0
3
0
1
0
0
0
1
5
0
0
3
5
2
11
0
0
2
1
5
1
0
2
2
1
8
0
0
2
2
5
0
1
0
1
2
0
1
1
1
0
2
0
1
1
1
1
1
0
0
2
0
1
0
1
2
2
11
4
4
1
1
2
0
3
1
0
1
5
1
1
3
4
1
0
3
1
9
3
5
8
3
7
0
1
4
2
8
1
6
0
2
2
13
1
1
1
0
0
2
0
4
0
0
2
11
6
0
0
1
4
1
2
3
2
7
2
5
0
4
1
0
0
7
1
9
0
0
0
0
2
0
0
0
0
0
2
1
0
1
11
5
1
9
3
1
0
2
0
4
1
7
2
0
3
1
2
1
10
0
2
9
0
0
1
0
6
0
3
0
1
2
1
0
0
3
0
3
2
0
6
6
3
1
13
1
4
0
1
0
1
3
2
1
17
47
35
19
42
33
43
28
21
34
49
45
45
42
71
34
29
0
60
27
41
33
13
67
33
24
6
49
28
47
25
5
31
111
42
27
14
77
45
16
18
27
40
21
2
40
48
36
15
11
42
22
31
48
60
19
17
19
8
16
19
14
65
79
17
72
32
29
25
9
58
56
35
53
25
24
26
13
45
12
8
22
28
39
43
20
86
47
102
33
44
70
5
19
21
19
15
10
25
3
13
68
84
13
48
39
29
84
15
45
66
47
26
37
24
53
62
75
39
14
28
19
36
24
15
13
23
32
29
47
34
54
41
35
33
36
94
34
33
45
23
27
47
30
54
15
7
30
22
23
29
2
11
47
52
7
67
51
34
26
7
47
29
33
43
39
17
46
29
23
30
40
48
17
26
40
110
25
35
25
24
17
18
29
8
17
21
21
15
31
26
25
23
31
21
29
20
40
32
24
3
48
17
26
55
38
63
32
15
6
49
60
12
47
32
28
25
40
13
51
25
37
36
48
54
15
80
41
81
35
38
24
20
43
55
49
34
70
18
28
22
33
18
13
31
18
15
43
56
32
31
65
16
33
0
1
0
1
0
0
7
0
1
0
2
0
0
0
0
0
0
2
0
0
2
6
0
0
0
0
1
0
0
0
0
0
1
0
0
3
0
0
0
0
0
1
1
0
0
1
0
0
1
2
10
0
0
1
1
0
0
0
0
0
0
0
0
0
0
0
0
0
2
0
0
1
0
0
0
0
0
0
0
0
0
3
5
0
0
0
0
0
0
0
3
0
1
0
1
4
2
0
0
0
0
0
0
0
7
1
0
0
0
2
0
0
0
0
0
1
0
0
1
0
0
0
0
2
0
0
0
0
2
0
0
0
0
0
0
0
0
0
0
0
1
0
0
0
1
0
0
0
0
0
0
0
0
1
0
0
0
0
0
0
0
0
2
1
0
0
0
1
0
1
0
1
2
0
0
0
0
1
2
0
1
0
0
0
0
0
0
0
0
0
0
0
0
0
0
0
0
0
0
0
2
2
0
0
0
0
0
0
0
0
0
2
6
0
0
2
0
0
1
0
0
0
1
0
0
0
0
0
1
0
1
0
0
0
0
0
0
0
0
0
0
0
0
0
0
0
0
0
13
0
0
0
0
0
0
0
0
0
0
0
0
0
0
0
1
1
0
0
0
0
1
5
1
1
1
0
0
0
0
0
0
0
0
0
1
3
0
0
0
0
0
0
0
1
0
0
0
0
0
3
0
0
0
0
0
3
0
1
0
5
0
0
1
0
1
0
0
0
3
0
0
0
0
0
1
0
0
0
0
0
0
0
0
3
0
0
0
2
1
0
2
3
0
2
0
0
0
0
0
0
0
0
5
0
0
0
0
2
2
0
0
0
0
0
0
0
0
0
0
0
0
1
1
0
0
4
0
0
0
1
0
1
1
1
0
0
0
2
0
1
0
0
0
0
0
0
0
0
0
3
0
0
0
0
0
0
0
0
1
0
0
0
2
0
1
0
0
0
3
0
0
0
1
0
0
0
1
0
1
0
0
12
0
0
0
0
0
0
0
1
4
0
0
0
0
1
0
0
0
0
0
0
0
1
0
0
1
1
0
0
0
0
0
0
0
0
1
0
0
1
0
0
0
0
2
1
0
0
0
1
0
0
0
0
0
0
0
0
0
0
2
0
0
0
0
0
0
0
0
0
0
0
0
0
0
1
2
0
0
0
0
0
0
0
0
0
0
1
0
2
0
2
1
0
0
0
0
0
2
0
1
0
0
0
0
0
0
1
0
0
0
0
0
1
0
0
0
0
1
0
0
0
2
0
0
0
0
0
0
0
0
4
0
0
0
0
0
0
0
0
0
0
0
0
0
1
1
0
1
0
0
0
3
0
0
0
0
0
0
0
0
1
5
3
0
4
1
0
0
0
3
0
0
1
0
5
0
0
1
0
0
0
0
0
0
0
0
0
0
1
2
0
0
0
0
0
0
0
0
3
0
0
0
0
0
0
0
0
0
0
2
0
1
0
0
1
0
0
0
1
0
0
0
0
0
0
0
0
0
0
0
0
0
0
0
0
0
0
0
1
13
0
0
1
0
0
0
0
0
0
5
0
0
0
0
0
0
0
0
0
0
0
0
0
0
0
1
5
1
1
1
0
0
6
0
5
0
0
0
0
2
3
4
0
0
0
8
0
1
0
1
7
0
0
0
4
1
0
1
2
1
0
2
3
0
2
2
4
1
0
0
0
0
0
1
0
0
0
0
1
2
1
0
1
1
0
0
2
1
1
0
2
1
1
3
0
1
1
0
5
1
2
0
3
0
2
1
2
0
3
2
2
0
0
0
0
14
10
0
0
1
1
1
0
2
1
0
0
0
6
0
0
0
1
1
0
1
2
1
1
7
0
3
0
0
0
0
3
1
2
1
0
0
1
0
3
0
0
