v000010
2
4
2
2
2
1
2
6
0
2
0
4
4
2
0
0
0
0
2
9
1
3
3
0
2
2
1
1
1
0
0
2
1
0
7
0
0
1
0
4
3
0
0
2
4
1
2
1
3
4
2
0
6
1
1
2
0
3
1
0
0
3
3
0
0
1
3
3
3
0
1
1
6
0
1
3
0
0
3
0
2
0
0
3
0
2
0
1
2
0
1
0
1
3
1
0
0
1
0
2
1
0
2
0
0
0
3
2
5
0
0
0
1
8
4
3
2
1
2
0
0
0
0
1
0
1
1
0
0
0
1
0
0
5
0
1
1
5
0
2
0
2
0
0
0
0
0
0
6
0
2
1
4
3
0
0
0
0
3
0
1
1
1
0
0
1
0
3
0
1
0
0
0
1
0
1
0
2
0
0
0
3
0
0
0
0
0
4
0
3
0
0
2
0
1
2
6
0
3
6
0
1
4
3
1
2
0
0
0
0
0
0
0
2
0
1
1
0
1
2
0
1
1
1
2
0
2
1
2
1
1
0
0
1
3
4
3
6
0
0
4
0
0
1
1
3
1
0
7
0
4
0
1
1
1
1
2
1
4
4
1
1
0
0
2
0
4
0
3
0
4
1
0
0
0
0
1
1
1
3
3
4
2
1
1
1
10
1
5
0
1
3
2
1
0
2
1
4
0
0
0
2
0
4
1
0
0
4
0
1
5
0
3
0
3
0
2
0
0
0
0
0
1
4
3
0
0
0
0
1
5
1
0
5
3
1
0
0
0
0
7
0
0
2
1
0
0
0
1
2
3
2
7
2
4
1
0
7
0
2
1
2
2
1
0
5
0
0
1
4
2
8
0
2
1
0
0
0
0
2
0
3
2
2
1
0
0
3
2
0
0
0
0
1
0
0
2
0
3
1
0
0
2
4
0
9
0
0
2
0
0
0
1
2
5
1
0
0
0
0
0
1
3
2
2
3
1
1
1
0
1
2
1
2
1
1
0
0
5
0
1
3
1
2
0
0
0
1
0
0
0
1
0
0
0
0
5
1
5
4
3
0
2
1
2
1
0
1
0
4
2
0
3
0
0
0
2
0
0
0
0
2
1
1
0
2
0
0
1
4
1
2
4
1
2
0
1
2
3
1
0
3
0
2
0
1
5
0
2
0
1
2
3
1
0
3
0
0
1
0
3
0
2
3
1
3
2
0
0
4
0
2
0
2
1
1
4
1
1
1
2
2
0
0
7
1
0
1
1
3
0
1
0
11
0
2
3
3
0
0
0
0
0
2
3
0
0
3
1
1
1
1
4
1
3
0
3
0
0
1
1
0
2
0
1
0
1
1
2
0
3
0
0
0
1
0
3
0
0
0
1
0
1
2
2
1
2
3
3
0
1
0
1
0
4
0
7
0
5
0
2
0
1
2
1
0
0
0
0
0
0
1
0
0
2
0
1
1
1
1
0
3
1
0
0
0
0
1
1
0
1
4
0
1
4
1
2
1
0
4
0
0
0
3
0
0
0
1
2
0
0
1
0
0
2
3
0
2
0
1
0
2
0
0
0
0
0
0
0
0
2
0
1
0
2
0
3
0
3
2
1
0
3
0
1
0
0
1
2
1
0
5
2
1
4
0
0
0
2
3
1
2
2
0
1
2
1
0
11
110
99
165
140
236
48
111
232
94
208
61
91
171
149
77
87
0
58
37
56
81
21
219
74
38
19
78
88
17
10
76
26
40
100
15
93
9
91
13
9
122
13
16
79
34
23
16
19
50
60
88
79
18
47
22
41
48
63
17
69
11
123
157
9
118
197
63
138
7
55
48
86
83
31
67
36
31
129
51
42
20
96
31
34
48
54
21
7
25
37
53
7
87
49
6
29
118
97
7
33
26
82
150
30
17
46
62
24
118
26
57
43
21
77
126
110
5
94
7
26
24
66
60
175
12
39
5
15
111
10
117
61
25
19
56
6
14
92
14
120
47
116
4
19
25
4
47
36
25
8
83
57
23
101
61
80
157
27
49
12
81
12
39
73
185
3
48
29
64
105
130
123
98
46
48
12
192
27
86
12
58
29
20
5
94
37
21
7
93
100
52
106
5
44
14
179
32
90
117
1
15
64
200
96
165
12
43
7
10
102
120
47
132
108
44
26
183
19
73
25
81
37
176
13
68
13
93
121
214
11
31
138
45
83
70
118
48
20
5
132
147
77
45
39
18
24
70
90
41
186
12
9
14
4
0
4
2
1
1
11
3
1
2
3
10
3
2
0
0
2
10
0
0
18
15
0
0
0
0
4
1
0
0
2
3
8
0
2
7
0
2
2
2
0
0
0
0
2
0
0
0
3
2
21
2
0
0
4
0
0
2
0
1
4
0
2
2
10
0
3
0
6
0
0
4
0
1
0
7
0
0
0
1
1
2
1
0
0
0
0
0
0
2
3
3
6
0
0
5
0
0
3
1
2
1
3
6
31
0
4
4
1
0
0
1
1
0
0
1
0
0
2
0
2
2
1
0
0
0
0
1
0
0
0
0
3
0
5
0
0
2
0
3
8
0
1
2
6
0
2
3
1
0
2
4
4
1
0
3
3
0
1
1
1
0
1
3
0
0
3
0
0
1
0
1
0
2
3
0
5
4
0
0
4
1
0
0
1
1
2
0
3
2
0
10
3
0
0
2
0
0
2
1
1
7
5
0
1
0
9
0
2
0
0
7
13
0
5
25
3
0
0
2
1
4
0
0
0
0
2
0
0
4
0
0
0
0
3
3
1
0
1
0
2
1
3
0
0
2
0
5
17
1
0
0
1
0
2
2
2
0
4
0
0
5
4
0
4
3
4
0
0
0
7
2
5
7
0
0
0
0
0
0
3
0
0
0
4
2
0
0
0
0
7
4
0
4
0
2
2
3
2
0
1
0
0
0
0
20
1
0
0
1
0
0
1
8
0
2
22
4
2
0
0
0
1
3
4
0
0
2
0
7
1
0
6
3
1
4
0
2
4
0
0
19
10
2
1
0
2
0
0
0
0
2
1
0
0
2
0
3
14
0
1
0
0
0
1
0
0
0
3
0
0
2
1
0
0
4
2
3
0
0
0
4
2
0
0
4
1
2
0
5
0
2
0
0
0
0
0
0
2
4
0
7
0
5
2
1
0
1
0
0
3
0
0
2
2
0
5
0
9
4
2
7
3
0
0
0
3
3
7
1
0
21
1
1
1
1
0
0
0
3
17
4
0
4
1
0
0
0
4
2
1
2
3
7
8
1
4
2
5
2
0
0
0
0
1
1
1
0
3
0
2
2
2
0
1
1
0
0
0
5
0
0
0
0
0
6
4
0
0
4
1
0
0
1
1
0
2
0
0
0
0
0
0
0
0
6
0
0
1
0
0
0
0
1
3
0
4
0
0
8
0
4
3
0
4
2
8
5
1
0
11
0
1
4
4
2
4
1
0
1
2
1
3
5
3
3
1
0
5
5
0
3
0
3
0
2
8
0
0
4
0
5
0
0
0
0
0
0
2
2
0
1
0
2
5
2
0
0
3
0
0
0
12
0
0
0
2
6
1
4
0
10
1
6
0
0
5
1
1
0
0
0
0
0
3
0
8
0
0
0
3
0
0
0
0
0
0
0
0
5
5
3
0
4
0
3
3
1
0
0
5
0
2
0
0
2
0
2
4
2
4
6
1
0
1
6
1
3
2
0
0
0
0
0
1
4
0
0
1
1
3
3
8
0
0
0
0
0
2
0
9
2
0
1
0
8
2
0
0
5
21
0
1
2
0
3
0
0
4
6
0
2
0
3
0
1
0
1
4
1
0
0
1
4
4
0
0
0
0
0
1
1
0
0
0
0
0
0
0
0
1
2
0
0
0
0
2
1
0
0
0
0
1
1
0
0
1
0
1
1
0
0
1
1
0
1
0
0
0
0
0
0
2
0
1
1
0
2
0
0
1
1
0
1
1
1
0
0
0
2
0
1
1
12
0
0
0
6
12
0
0
0
0
0
2
0
0
0
0
0
0
0
0
0
0
4
0
1
2
1
1
2
0
1
4
0
1
0
1
0
0
0
0
3
2
1
1
0
5
2
8
4
0
0
0
1
0
0
