v000019
0
0
0
1
0
0
0
0
0
0
0
0
0
0
0
0
0
0
0
0
0
0
0
0
0
0
0
0
1
0
0
0
0
0
1
0
0
0
0
0
0
0
0
0
0
0
0
0
0
0
0
1
0
1
1
1
0
0
0
5
0
0
0
1
0
0
3
0
0
0
0
0
0
0
0
0
0
0
2
0
1
0
0
0
0
0
0
0
0
1
0
2
0
0
0
3
1
0
0
0
0
0
0
1
1
2
2
0
1
0
0
1
0
0
0
0
0
2
0
0
0
1
1
1
0
0
0
0
0
1
0
0
0
0
0
2
0
0
0
1
3
0
0
0
0
0
0
0
0
0
0
0
0
0
0
0
1
0
0
1
0
0
0
1
1
0
1
0
0
1
0
0
0
0
0
0
0
0
0
0
0
0
0
0
0
0
0
0
0
0
0
0
0
0
0
2
0
0
0
1
0
0
1
1
0
0
0
0
0
1
0
0
0
0
0
0
0
0
0
0
1
1
0
0
0
0
1
0
0
0
0
0
0
0
0
0
0
0
1
0
0
0
0
0
1
0
0
0
0
0
0
1
1
3
0
0
0
0
0
0
2
0
0
0
0
0
0
0
0
0
0
1
1
0
0
1
0
0
0
0
0
0
1
0
0
0
1
0
0
1
0
0
0
0
1
0
0
0
0
0
0
0
0
0
0
0
0
0
2
0
0
1
0
0
0
0
0
0
0
1
0
0
0
0
0
0
0
0
1
0
0
0
0
0
1
1
0
0
0
0
1
2
0
0
0
0
2
0
1
1
0
0
0
0
1
0
1
0
0
0
0
0
0
0
0
0
0
0
1
0
0
0
0
0
1
0
0
1
0
0
0
2
0
0
0
1
0
0
1
1
0
1
0
1
1
1
0
1
0
0
0
0
0
1
0
0
0
0
0
2
1
0
0
0
0
0
0
0
0
0
0
0
1
0
0
0
0
0
0
0
3
3
0
0
0
0
1
0
0
0
0
0
0
0
3
5
0
0
0
0
0
1
0
0
0
0
0
0
2
0
0
0
0
1
0
0
0
0
0
0
0
0
0
0
1
2
1
0
0
1
0
0
0
1
3
1
1
0
0
0
3
0
1
0
0
0
0
0
0
1
0
0
0
0
0
0
0
1
3
0
0
0
0
0
1
0
1
0
1
0
1
0
0
0
0
0
0
0
0
0
2
0
0
0
0
3
1
0
0
0
0
0
0
0
0
0
0
0
0
0
0
0
0
0
0
0
1
0
1
0
0
0
3
0
0
0
1
0
1
0
3
0
0
0
0
0
1
3
1
0
0
0
0
2
0
0
0
0
1
2
0
0
0
2
0
1
0
2
1
3
0
2
0
0
0
0
0
0
1
0
0
0
1
3
0
0
2
0
0
0
0
2
0
0
1
0
1
1
0
0
5
0
0
0
1
3
0
0
0
0
0
0
0
0
2
0
0
0
0
0
1
0
2
0
1
0
0
0
1
3
0
0
0
0
0
0
0
0
0
0
0
0
1
0
0
0
1
0
0
0
0
1
0
0
0
1
0
0
0
0
0
1
0
0
0
1
0
0
0
0
0
0
0
0
0
0
1
0
0
0
3
0
0
0
0
0
0
0
0
0
0
0
0
0
0
1
0
0
11
6
32
8
2
12
26
10
5
6
8
13
16
4
12
5
3
0
11
30
4
21
10
2
5
16
22
23
27
11
1
13
13
9
25
11
18
14
30
19
11
5
18
3
26
1
13
1
3
19
6
19
12
15
15
13
10
10
31
19
12
12
22
11
10
6
11
0
1
9
19
6
19
11
5
6
12
25
22
7
12
20
22
4
4
1
12
9
9
14
19
15
0
0
11
12
3
8
8
10
7
26
9
3
41
8
25
11
9
5
13
12
14
45
7
10
19
21
5
12
10
16
11
10
10
10
14
12
23
16
13
38
7
15
44
2
17
21
8
1
15
3
10
3
24
16
11
15
18
21
9
0
22
7
7
10
8
28
4
14
7
4
31
11
35
0
3
25
5
2
3
8
16
3
6
4
7
11
18
4
2
20
12
11
14
13
16
3
11
6
25
5
24
4
11
19
5
10
10
12
0
15
18
20
13
12
18
2
8
14
29
8
14
37
4
3
25
10
0
14
31
10
7
17
18
14
11
16
25
23
27
19
11
36
1
13
17
15
34
14
18
23
5
19
12
16
35
40
9
17
0
12
75
4
1
0
2
0
1
1
0
1
0
0
2
1
2
0
1
2
0
1
0
0
7
9
2
0
1
0
4
0
0
1
0
0
0
0
0
8
0
4
0
0
1
0
0
0
0
0
4
0
0
4
48
1
1
3
0
0
0
0
0
0
3
0
0
1
0
0
0
1
4
1
0
2
0
0
0
1
0
0
0
0
1
0
2
0
0
1
0
0
0
0
0
4
0
0
1
3
3
0
0
1
0
3
4
3
13
0
3
0
0
1
0
1
1
0
1
1
0
0
5
0
2
0
0
0
0
0
0
1
1
2
1
0
4
0
0
4
1
0
2
0
5
4
2
0
0
4
1
12
0
0
1
0
0
0
0
0
0
0
1
0
3
3
0
0
0
0
0
0
4
0
3
0
0
1
0
2
0
1
2
2
1
2
2
0
0
0
3
3
0
1
0
0
0
1
0
4
1
0
7
2
4
1
1
1
0
0
2
0
2
3
3
5
0
0
0
3
2
0
4
1
1
2
2
0
0
0
3
1
1
5
0
0
2
1
0
4
3
2
4
0
0
1
0
1
1
0
2
4
5
0
0
0
0
0
0
4
0
0
5
0
2
1
2
2
0
1
3
4
4
2
8
1
0
2
0
0
0
1
0
1
0
0
0
0
1
0
1
0
0
0
0
1
3
0
0
1
3
9
0
3
1
0
0
0
0
5
2
0
0
3
0
0
0
0
1
1
0
0
1
0
2
0
0
4
0
2
0
0
0
6
2
0
3
0
0
0
6
0
8
0
12
6
0
0
0
0
8
0
2
0
0
1
0
1
0
3
1
0
2
0
0
1
0
2
3
0
0
0
2
0
1
0
0
0
0
5
1
2
0
0
1
0
6
0
0
1
0
2
0
9
0
0
0
0
0
0
3
7
3
1
0
0
0
2
2
0
0
0
0
1
2
0
0
0
0
0
0
0
1
0
2
1
3
0
1
0
0
2
6
0
0
5
2
3
0
2
0
3
2
0
2
2
0
1
1
0
3
0
1
3
1
0
0
0
2
0
0
0
0
0
0
0
0
1
0
4
5
0
0
6
0
0
4
0
6
4
2
3
3
2
0
0
1
0
0
4
0
2
0
1
10
0
2
1
1
0
3
1
4
1
0
1
0
1
7
1
0
1
0
0
0
0
0
1
0
1
0
2
0
5
0
1
0
3
3
3
2
0
0
4
10
0
0
1
1
0
0
0
0
1
0
1
4
0
0
0
1
1
0
0
1
0
0
1
3
0
2
0
2
2
4
4
0
2
0
0
0
0
3
1
1
0
2
0
3
2
5
0
0
0
0
0
0
0
0
4
0
1
0
0
0
0
0
6
1
0
9
0
2
1
1
0
3
0
1
0
8
0
4
4
1
1
0
0
0
0
0
1
0
0
0
2
0
2
1
0
0
0
4
1
0
0
3
1
3
1
1
2
3
1
15
1
0
0
2
2
0
0
4
0
0
1
0
0
0
6
0
0
0
1
3
0
10
0
2
2
2
0
1
0
0
4
0
0
0
0
2
0
2
1
4
1
0
0
0
5
2
3
0
2
1
2
3
0
0
0
0
0
1
0
0
0
0
0
0
0
0
0
0
0
1
0
0
0
0
1
0
0
0
3
0
0
0
0
0
0
0
0
0
0
0
0
0
1
0
0
0
0
0
0
1
0
0
2
0
0
0
0
0
0
0
0
0
0
0
0
0
0
0
0
1
0
0
0
0
0
1
0
0
0
0
0
0
1
0
0
0
0
0
0
0
0
0
0
0
0
3
1
0
2
0
0
1
0
0
0
0
0
0
0
0
1
1
0
0
2
0
0
0
0
0
0
0
0
0
0
0
0
0
0
2
0
0
0
0
0
0
0
