v000039
1
1
0
2
0
0
1
1
0
0
1
2
0
0
0
0
0
0
0
1
0
0
0
0
0
0
0
0
0
0
0
0
0
0
0
0
0
0
0
3
0
0
0
0
0
1
0
4
0
0
0
0
0
0
1
0
0
0
0
1
0
0
1
0
0
0
0
0
0
0
0
0
0
0
1
0
0
0
0
0
0
0
0
1
0
2
0
0
0
0
0
0
0
0
0
2
0
0
0
1
0
0
1
0
0
0
0
0
0
0
0
0
1
0
0
0
0
0
0
1
0
0
0
0
0
0
0
0
0
0
0
0
0
0
0
0
3
0
0
0
0
0
0
0
0
0
0
0
0
4
0
0
1
0
0
0
0
0
1
0
0
0
0
0
0
1
0
0
3
0
2
0
1
0
0
0
0
0
0
0
0
0
0
0
0
0
0
1
0
0
0
2
0
0
0
1
0
0
0
0
0
0
1
0
0
2
0
1
0
0
0
0
0
0
0
0
0
0
1
0
1
0
0
0
0
0
1
0
2
0
0
0
0
0
0
0
0
0
0
0
0
0
0
0
0
0
0
0
0
0
0
0
0
0
0
0
0
0
0
0
0
0
0
0
0
2
0
0
1
0
0
1
1
0
0
0
0
0
0
0
0
1
0
0
3
1
2
0
0
0
0
1
0
0
0
0
0
0
0
1
0
0
0
6
0
0
0
0
0
0
0
0
0
1
0
0
0
0
0
0
0
1
0
0
0
0
0
0
0
0
0
0
0
0
0
0
0
0
0
0
0
0
1
0
0
2
0
0
4
0
0
0
0
0
0
0
0
0
0
3
0
0
1
0
0
0
2
0
0
4
0
0
0
0
0
1
4
0
0
0
0
0
0
0
0
0
0
0
0
0
0
0
1
0
0
0
1
0
0
0
0
1
0
6
0
0
0
0
0
0
0
0
0
0
0
0
0
0
0
0
0
0
3
0
1
0
0
0
0
0
0
0
2
0
9
1
0
0
0
1
0
0
0
0
0
0
0
0
0
0
1
0
0
0
0
0
2
0
0
7
0
3
0
1
4
0
0
1
0
0
0
0
0
0
0
0
0
0
0
0
0
0
0
1
1
0
1
0
1
0
0
0
1
0
0
0
0
0
0
1
0
0
0
1
0
0
0
0
0
1
0
1
0
0
0
0
1
0
0
0
4
0
0
0
0
0
0
0
0
0
0
0
0
0
0
0
0
0
0
0
1
0
0
0
0
0
1
0
1
1
0
0
0
0
0
0
0
0
1
1
0
0
0
0
0
0
0
0
0
0
0
0
1
0
0
0
0
0
2
0
0
0
0
0
0
0
0
0
0
0
0
0
2
4
0
0
0
0
1
0
0
3
0
0
0
0
0
0
1
0
0
0
0
0
0
0
0
0
0
0
0
0
0
0
0
0
0
1
0
2
0
0
0
0
1
1
0
0
0
0
0
0
0
0
0
0
0
0
0
0
0
0
0
2
0
0
0
0
0
0
0
0
0
0
0
0
0
0
1
0
0
0
0
0
1
0
0
0
0
1
0
0
0
1
0
0
0
0
0
0
0
0
0
0
4
1
0
0
0
0
0
0
0
0
0
0
0
0
0
0
0
0
1
0
0
0
0
0
0
1
0
0
0
0
0
0
0
0
8
6
30
11
5
24
27
12
9
8
34
35
8
22
36
27
3
0
8
16
34
4
14
9
8
9
16
10
8
0
1
25
19
4
15
22
6
7
29
5
1
1
1
21
7
2
8
22
0
11
17
7
1
1
2
7
6
3
8
3
21
2
7
0
20
2
6
0
2
9
5
11
8
3
2
7
5
4
32
6
20
12
16
13
13
5
10
6
3
18
11
13
6
2
0
1
5
2
13
6
3
1
6
25
27
11
4
1
15
3
2
7
4
20
16
1
14
8
9
12
8
22
8
3
6
2
4
2
15
10
0
11
17
3
15
2
9
5
12
21
8
0
5
2
23
8
5
11
5
5
7
4
18
3
14
1
9
5
6
6
1
11
10
2
19
5
9
27
28
1
3
4
5
10
17
3
9
4
6
4
9
5
6
5
2
8
5
7
1
0
5
16
41
18
6
1
5
28
4
7
2
5
4
41
31
2
4
3
7
2
16
16
3
12
1
14
9
18
4
1
13
13
10
4
3
9
3
7
7
9
9
4
6
7
15
10
9
11
14
13
6
4
4
4
6
11
9
32
2
21
10
8
15
4
1
2
0
0
0
0
5
0
1
0
2
0
0
0
1
2
1
0
0
0
1
1
0
0
0
2
2
2
0
0
2
0
1
0
0
5
0
0
3
0
1
2
0
0
2
0
0
0
0
0
17
0
1
0
1
0
0
1
0
0
1
0
0
0
1
0
1
0
0
2
0
0
0
0
0
1
0
0
2
0
0
0
0
0
0
2
0
0
1
1
0
0
1
0
0
11
0
0
0
1
1
0
0
0
7
2
0
0
0
0
0
1
0
2
1
1
0
0
0
0
0
0
0
1
0
0
2
0
2
0
0
0
0
1
0
0
1
0
0
1
0
0
0
0
0
1
0
0
0
1
0
0
1
0
0
1
0
0
1
0
0
0
4
0
0
0
0
0
0
0
0
4
1
0
0
0
0
2
0
0
0
0
0
1
0
0
0
0
0
0
0
0
4
1
0
1
2
1
1
0
0
2
0
0
0
3
1
0
0
0
0
2
0
0
0
0
0
0
0
2
0
1
1
0
0
0
1
2
0
6
0
0
0
1
0
0
0
1
0
0
0
4
0
0
4
0
0
0
19
0
0
0
0
0
0
0
2
0
2
0
0
0
1
0
0
1
0
2
0
1
1
1
0
0
1
0
0
0
0
8
0
0
0
2
0
0
0
0
1
2
0
1
0
1
0
0
0
0
0
0
1
1
1
2
1
1
0
0
1
0
2
0
1
2
1
1
2
0
0
0
0
0
0
0
0
0
1
0
0
1
1
1
1
1
0
1
3
3
1
0
4
4
0
0
0
0
0
0
0
0
0
0
0
0
3
0
0
0
1
0
0
0
0
1
0
0
0
2
1
0
1
2
0
0
0
0
0
0
0
1
2
3
2
0
1
0
0
0
0
6
0
2
0
0
1
0
0
1
0
0
0
0
0
0
1
0
0
1
1
0
0
0
0
2
1
0
7
0
0
3
0
0
0
2
0
0
0
0
0
0
1
15
1
0
2
0
1
0
0
0
1
0
2
0
0
1
1
0
1
0
0
0
1
0
0
0
0
1
0
0
0
1
0
1
1
1
0
1
2
0
1
0
0
1
1
0
4
0
0
5
0
0
0
1
2
0
0
0
0
0
0
1
0
2
2
0
0
0
0
0
1
0
0
1
1
0
0
0
1
0
0
0
0
0
0
1
0
0
1
3
0
1
0
1
7
3
0
0
1
2
4
0
0
0
0
1
0
2
0
1
1
0
3
0
2
0
1
1
1
0
2
1
0
2
0
0
2
0
7
0
0
2
0
0
0
0
2
0
0
0
1
1
1
0
0
4
0
1
1
0
0
0
1
0
1
0
0
2
0
0
0
0
0
1
1
2
1
0
0
1
0
2
0
1
0
0
1
0
1
0
1
0
3
0
0
0
1
0
0
0
0
0
0
2
1
0
0
2
0
0
5
0
0
0
1
0
3
1
0
0
2
0
0
0
0
0
0
2
1
1
0
0
0
0
0
2
0
1
1
1
0
1
2
0
0
0
0
0
1
3
1
1
0
1
0
0
0
0
2
0
4
1
1
0
0
0
0
0
0
0
0
0
1
0
0
0
0
0
0
0
0
0
0
0
0
4
0
0
0
0
0
0
0
0
0
0
0
0
0
0
0
0
0
2
0
0
0
0
0
0
1
0
0
0
0
0
0
0
0
0
0
0
0
0
0
0
0
0
0
0
1
0
1
0
0
0
0
0
0
0
0
0
0
0
0
2
0
8
0
2
0
0
0
0
0
0
0
0
1
0
0
0
0
0
0
0
1
2
0
0
0
0
0
0
0
0
0
0
0
0
0
3
0
0
0
0
0
1
0
0
0
0
1
0
0
0
0
0
0
0
0
0
0
0
0
0
0
2
