v000034
0
0
0
2
0
1
0
0
0
0
0
0
0
0
1
0
0
0
0
2
0
0
0
0
0
0
1
0
0
0
0
3
0
0
0
1
0
0
0
0
0
1
0
1
0
3
1
1
0
0
0
0
1
1
1
0
2
0
0
0
1
0
0
2
0
0
0
2
1
1
2
0
1
0
0
0
0
1
2
0
0
0
1
4
0
0
0
0
0
0
1
0
1
0
0
0
2
2
0
0
1
0
0
0
1
0
0
1
0
0
0
3
1
0
0
3
2
4
1
1
2
2
1
0
0
0
0
1
0
0
1
1
2
3
1
0
1
0
0
0
0
0
0
1
0
0
1
0
0
0
0
0
0
0
0
0
0
0
0
0
0
0
2
0
0
0
1
1
0
0
0
0
0
0
0
0
0
1
0
1
0
2
0
0
0
1
0
0
0
1
0
4
0
1
1
0
0
2
3
0
1
0
1
0
2
0
0
1
0
0
0
0
0
1
0
1
0
0
2
0
0
0
0
1
1
0
0
0
0
1
0
0
1
0
1
0
0
0
0
0
1
0
0
0
0
0
0
2
1
1
0
1
0
0
0
0
0
0
0
0
0
0
0
1
0
0
0
1
0
0
1
0
0
0
0
0
0
3
3
1
0
0
0
0
0
1
0
1
1
1
0
0
0
0
0
0
0
0
0
1
0
0
0
0
3
1
0
0
4
1
0
8
0
0
0
0
0
1
0
0
0
0
1
0
0
1
0
1
0
0
1
0
0
1
0
0
0
0
0
0
1
2
0
0
0
0
0
0
0
0
1
1
1
1
1
0
0
1
0
0
0
0
0
0
1
1
0
1
1
1
0
0
0
0
0
0
0
1
0
2
0
1
1
0
0
0
2
1
3
1
0
0
4
0
1
0
1
0
1
1
0
2
0
0
0
0
0
0
0
0
1
1
3
1
0
0
0
0
1
0
0
0
2
1
0
0
0
0
0
0
3
0
0
2
0
1
0
1
0
4
4
2
0
2
1
0
2
0
0
0
0
0
0
0
0
0
0
0
0
1
3
1
0
0
1
0
0
1
1
0
1
0
0
1
0
2
0
0
0
1
0
2
1
0
1
3
1
1
1
0
2
0
0
0
0
2
1
0
0
0
0
2
0
0
0
0
1
0
0
0
0
2
0
0
0
0
0
0
0
1
0
0
0
0
0
0
0
0
0
2
1
1
0
0
0
0
0
1
1
0
0
0
5
1
0
3
0
0
0
0
0
0
0
3
1
1
0
3
0
0
1
0
0
0
1
0
0
0
0
2
0
0
0
0
0
0
2
1
2
0
0
0
0
0
0
1
0
0
0
0
1
0
1
0
1
1
0
0
2
1
0
0
0
0
1
1
2
1
0
0
1
0
0
1
2
0
1
1
3
2
0
0
1
1
0
1
2
3
0
0
0
1
0
1
0
2
1
0
1
0
0
0
0
0
1
0
0
0
0
2
0
0
1
0
0
0
0
1
0
2
0
0
0
1
0
0
0
3
4
0
0
0
0
3
0
0
0
0
0
1
2
0
0
0
1
1
0
1
0
2
0
0
0
1
1
3
0
0
2
0
0
0
0
0
0
0
0
1
1
0
0
0
1
0
2
1
0
0
0
1
0
0
0
0
1
0
0
0
70
47
90
5
28
70
12
8
4
14
22
12
8
16
11
5
6
0
13
25
7
21
14
21
2
16
41
9
12
13
1
4
17
17
26
5
20
4
14
12
5
14
15
6
9
0
5
5
6
18
7
29
20
6
3
10
8
31
8
36
3
8
20
10
58
23
14
11
22
5
8
14
8
11
4
16
26
5
18
5
45
12
15
8
16
14
7
23
9
11
15
11
1
10
3
2
5
6
8
6
15
19
16
16
11
20
17
14
3
10
10
9
27
13
25
15
14
8
12
10
20
9
10
16
6
4
14
9
14
11
8
11
5
19
20
8
16
19
10
1
21
6
13
2
55
6
7
6
15
8
11
3
10
15
8
11
13
40
12
9
2
5
4
34
9
5
6
11
8
5
11
19
35
8
5
13
18
11
9
14
2
10
5
6
0
8
15
6
7
9
8
9
31
3
6
9
5
15
19
7
2
10
9
17
29
26
6
4
5
5
39
12
10
14
10
3
21
20
8
13
22
27
20
13
13
23
6
20
17
14
6
17
22
16
12
18
3
18
18
9
46
16
6
20
8
16
6
18
8
17
8
4
66
13
0
0
0
0
4
0
1
0
0
1
0
0
0
0
1
0
0
0
0
0
1
1
0
0
0
0
0
0
0
0
0
0
1
0
0
0
0
0
1
0
0
0
0
0
1
0
0
0
0
0
6
0
0
0
0
0
0
0
0
0
2
0
0
0
0
0
1
0
0
0
0
0
0
0
0
0
0
0
0
0
0
0
0
1
0
0
0
0
1
0
5
0
0
0
0
3
0
0
0
0
3
2
0
3
4
1
0
0
0
0
0
0
0
1
0
1
0
0
0
0
0
0
0
0
0
0
0
0
0
0
0
0
0
0
0
0
0
0
0
0
0
0
0
0
0
0
0
0
0
1
0
0
0
0
0
0
0
0
0
0
0
0
0
1
0
0
0
0
0
0
2
0
0
1
0
0
0
0
0
0
0
0
0
0
0
0
0
0
0
0
0
0
1
0
0
1
0
0
0
0
0
0
0
1
0
0
1
0
0
0
0
0
1
0
0
2
0
0
0
0
0
0
2
0
0
0
3
0
0
2
0
0
0
1
0
1
0
0
0
0
0
0
1
0
1
0
0
0
12
0
0
0
0
0
1
0
0
0
0
0
0
0
1
0
0
0
1
0
0
0
4
0
0
0
0
0
0
0
0
0
1
0
0
0
0
0
0
0
1
0
1
0
0
0
0
2
0
0
0
1
0
0
0
0
0
2
0
0
0
0
0
0
0
0
1
0
1
5
1
0
0
0
1
1
0
0
0
0
0
0
0
1
3
0
1
0
0
0
0
0
0
0
0
0
0
0
0
2
0
0
0
0
0
1
0
2
0
2
2
1
0
0
0
0
1
0
0
0
0
0
0
0
0
0
0
0
0
0
0
0
0
0
2
0
1
0
0
0
0
0
0
0
0
0
0
0
0
0
0
0
1
0
0
1
1
0
0
0
1
0
1
1
0
0
0
0
0
0
0
0
0
1
5
0
0
2
0
0
2
1
0
17
0
0
1
0
0
1
0
1
0
0
0
1
0
0
0
0
2
2
0
0
1
0
2
0
0
0
0
0
0
0
0
0
0
0
0
2
1
0
0
0
0
0
3
0
0
1
0
0
0
0
1
0
0
0
0
0
0
1
0
0
0
0
0
0
0
0
0
0
0
0
0
0
0
0
1
0
0
0
0
0
0
0
1
0
0
0
0
4
0
0
0
0
6
0
0
0
0
0
0
0
0
0
1
0
0
0
0
0
0
2
1
0
0
0
0
0
1
0
0
0
0
0
0
0
4
0
1
0
0
1
0
0
0
0
0
0
0
0
0
0
0
0
0
1
0
0
1
0
0
1
0
0
0
0
0
0
0
0
0
0
0
0
0
0
3
0
0
0
0
0
0
0
0
0
1
0
0
0
0
0
0
0
0
0
0
0
0
1
0
1
3
1
0
0
0
1
0
3
1
0
0
0
0
0
0
0
0
0
0
0
0
0
0
0
0
0
1
1
0
0
0
0
0
0
0
0
0
0
0
1
0
0
0
0
0
0
1
0
3
1
0
0
0
0
0
0
0
0
1
0
0
0
0
0
0
0
0
0
0
0
0
0
1
0
0
0
0
0
0
0
0
0
0
0
0
0
0
0
1
1
0
0
0
0
0
0
1
0
0
1
4
0
0
0
0
7
0
0
0
0
0
0
0
0
0
0
0
0
0
0
0
1
0
1
0
0
1
0
0
0
0
0
1
0
0
0
1
0
0
0
0
0
1
0
0
0
0
3
2
0
0
0
0
0
0
0
0
0
0
0
0
0
1
0
4
0
0
1
0
0
0
0
0
0
0
1
0
0
0
0
0
0
0
1
0
0
0
1
0
0
0
0
0
0
1
0
3
0
0
0
0
1
0
0
0
0
