v000008
3
0
0
2
0
0
1
1
1
0
0
0
0
1
0
1
0
1
0
0
0
0
2
0
0
0
0
0
0
1
0
1
0
1
0
1
1
1
0
1
2
0
2
1
1
0
1
2
2
1
0
0
1
0
0
1
1
1
0
1
1
0
1
2
1
1
1
0
0
0
0
1
0
1
2
0
10
1
4
0
0
0
0
0
1
1
0
2
1
0
2
1
2
1
0
3
3
2
1
1
0
1
0
0
0
0
1
0
1
3
1
0
9
0
1
7
2
0
2
2
0
0
4
3
4
0
1
0
2
0
0
0
0
1
0
0
0
3
0
0
0
0
0
3
3
13
0
0
2
0
2
0
4
4
1
0
1
0
2
0
2
1
1
4
6
2
3
1
1
2
4
3
1
0
0
1
0
0
0
0
0
1
0
0
2
1
0
1
2
7
2
1
2
0
0
2
0
1
0
2
3
0
1
1
0
0
3
0
1
0
3
3
2
1
0
2
0
1
4
2
0
2
0
0
4
3
1
2
0
0
2
0
0
0
2
4
0
0
0
3
0
4
0
0
0
0
0
2
0
3
1
0
5
1
0
1
4
0
0
10
1
1
1
1
0
0
0
1
0
2
1
0
3
0
1
1
1
2
1
1
1
1
1
1
0
1
0
0
4
1
1
2
1
1
1
1
2
1
0
2
4
4
0
0
1
1
2
0
0
2
0
1
3
3
0
1
0
1
0
1
0
0
0
0
0
0
0
0
0
0
0
0
2
0
1
3
0
0
1
0
2
2
2
1
3
0
1
0
1
0
0
0
1
0
0
0
0
0
0
2
0
0
0
12
0
3
2
2
0
1
1
3
0
0
0
0
0
1
0
3
3
0
1
1
0
2
0
2
0
1
0
1
0
2
1
1
1
2
2
3
0
1
0
2
0
1
0
3
0
0
3
1
1
2
0
0
1
0
3
0
0
0
3
0
2
5
1
0
0
0
0
0
0
3
1
0
1
0
4
2
1
0
1
0
1
1
0
0
0
0
0
0
3
0
0
0
1
1
3
1
2
1
0
0
0
0
1
0
1
1
2
0
0
0
5
1
0
0
2
0
1
1
2
0
0
1
0
0
1
1
0
11
1
0
1
0
4
2
0
0
0
4
2
0
4
0
1
1
2
3
0
0
2
0
0
2
1
0
0
1
5
0
0
0
1
3
0
0
0
0
1
0
0
0
2
0
1
1
1
0
2
0
3
2
0
0
1
1
0
0
0
2
6
2
0
0
0
2
0
0
0
1
1
0
8
2
0
7
0
2
0
0
1
5
0
0
0
0
1
0
0
0
1
1
0
0
1
1
1
1
0
0
1
0
2
0
0
2
1
0
0
3
1
0
1
1
1
0
2
1
3
0
1
0
1
1
0
2
0
0
2
0
1
4
0
0
2
0
0
1
0
4
0
1
0
1
0
2
0
0
1
0
0
1
0
0
0
1
0
1
0
0
0
2
1
1
0
0
2
3
0
4
0
1
0
0
0
0
2
0
0
3
0
1
0
0
0
0
0
0
1
9
1
1
1
0
0
0
0
0
1
0
0
0
0
3
1
0
0
0
3
0
2
0
3
1
1
3
0
4
1
0
0
0
1
0
2
2
0
2
0
1
1
1
0
1
0
0
28
27
59
40
19
29
29
25
33
37
31
40
36
13
53
42
13
0
28
29
26
49
59
30
7
16
27
25
27
116
5
21
14
12
19
30
28
34
81
16
13
7
13
10
21
13
16
11
17
38
23
38
18
47
19
18
14
11
18
17
8
14
32
23
22
9
14
3
12
38
18
23
23
36
24
13
21
39
32
14
19
31
42
19
23
13
30
30
19
26
13
22
2
14
20
22
10
23
29
16
18
27
22
14
55
27
23
47
13
22
22
15
26
18
17
28
21
25
20
23
19
30
11
40
23
13
25
6
16
26
8
44
20
18
43
10
13
25
27
6
20
11
13
14
39
15
27
34
22
23
44
7
21
9
17
26
23
28
20
22
46
19
35
19
21
3
4
30
7
13
13
12
19
16
14
7
20
12
33
22
2
26
12
18
12
9
14
10
89
18
24
13
26
28
17
30
7
39
22
28
5
28
17
32
41
40
10
15
4
28
22
19
18
25
24
51
25
24
20
27
41
27
13
22
34
35
29
30
21
37
35
19
25
29
10
13
15
19
25
23
26
30
11
24
23
26
24
36
9
41
30
29
29
7
6
0
0
1
1
5
6
1
1
0
5
0
3
1
0
3
2
3
0
1
1
12
3
1
0
1
0
1
2
1
1
0
0
2
3
20
0
4
1
0
2
0
1
0
1
0
2
0
3
1
41
1
0
1
2
1
2
0
1
1
3
1
1
0
0
0
2
2
8
3
2
0
0
2
1
0
4
0
2
0
0
0
1
0
3
0
2
1
3
0
1
2
3
2
0
4
3
0
0
0
5
2
3
2
21
2
3
1
1
0
1
4
0
0
0
0
1
2
5
0
0
1
0
1
0
1
0
6
1
2
0
0
3
4
0
0
0
0
0
2
1
1
0
0
3
1
2
0
0
5
3
0
0
2
0
1
0
0
1
2
5
1
0
4
0
2
4
1
0
1
0
1
0
5
4
4
2
1
3
5
2
2
0
0
4
2
2
1
0
1
1
5
5
3
1
0
2
1
2
0
7
0
1
1
0
2
2
0
1
0
0
4
0
3
0
7
3
0
0
1
2
0
2
2
1
1
5
1
1
3
0
2
1
3
0
1
0
2
2
1
0
2
0
0
0
1
0
2
13
1
4
0
2
0
1
2
0
2
5
0
0
3
2
2
1
0
0
2
3
2
8
1
4
3
0
1
3
1
0
3
2
3
3
1
0
4
1
4
1
1
0
1
0
1
1
4
2
4
1
1
3
1
2
1
2
1
0
2
2
3
3
1
0
0
2
0
4
1
1
1
0
0
0
0
0
1
0
6
2
5
5
2
3
4
3
0
2
2
4
1
3
9
2
0
0
0
6
2
0
1
0
3
3
1
2
0
5
0
3
2
3
4
1
0
0
3
2
0
3
2
1
0
0
1
1
1
2
4
2
0
1
0
2
2
2
1
4
1
2
5
3
1
1
1
3
0
0
3
7
3
1
2
4
7
6
0
0
1
1
1
1
4
0
0
2
1
1
1
4
0
1
2
2
0
1
1
1
2
5
1
2
19
2
0
0
0
3
2
0
2
6
0
1
3
1
5
1
0
2
2
1
5
1
3
0
0
2
1
0
0
0
2
0
0
2
2
7
3
4
0
4
0
5
1
5
5
1
0
0
1
1
0
0
2
0
3
3
1
1
5
2
0
1
4
1
2
2
1
2
0
0
5
0
0
1
0
1
5
3
3
0
0
0
0
0
0
0
1
0
11
4
0
0
0
3
0
2
1
0
1
11
0
2
0
2
3
4
2
0
0
0
0
5
2
1
0
1
0
3
4
3
0
0
2
2
0
2
0
4
0
6
2
1
5
1
0
2
0
2
0
5
1
2
0
2
2
2
1
0
0
0
0
0
2
0
1
0
3
0
2
4
0
2
2
1
0
11
1
0
2
0
4
0
0
3
2
2
0
2
2
2
2
0
0
0
0
2
1
0
1
2
2
1
2
6
0
1
2
0
1
1
1
0
1
2
0
2
1
1
0
13
3
3
5
2
6
0
3
0
3
0
1
0
0
0
6
0
0
0
2
2
0
9
1
3
2
2
0
1
0
4
3
9
3
2
0
3
3
2
1
13
0
2
1
1
3
1
1
1
3
0
1
1
0
0
0
1
0
2
0
2
0
2
2
0
1
0
1
0
0
0
1
0
0
0
0
0
0
0
0
1
3
0
1
0
1
16
0
0
0
0
0
0
0
3
3
0
1
0
0
0
0
0
0
0
2
0
1
1
0
0
0
0
0
0
0
1
0
0
1
0
0
0
0
1
0
0
1
0
2
1
0
1
1
0
0
0
1
0
1
2
0
0
0
2
1
1
0
2
0
0
0
0
1
0
0
1
0
0
0
0
0
1
0
0
0
1
1
2
0
0
1
3
1
0
0
0
1
0
0
0
1
0
0
0
0
0
1
