v000004
3
0
1
10
1
0
0
6
2
4
4
4
7
3
0
3
1
6
0
1
3
0
4
0
2
1
1
1
3
4
2
0
1
0
1
1
0
1
4
1
7
0
1
0
1
1
0
1
0
1
5
0
3
1
1
3
2
1
1
2
1
5
6
0
2
0
3
5
0
0
6
0
0
2
1
7
2
0
2
1
5
2
0
0
0
2
0
0
3
0
1
0
3
1
1
0
0
2
0
2
3
4
0
0
2
1
1
0
0
1
0
5
0
6
5
2
0
1
0
1
0
0
1
1
0
0
0
2
0
3
2
0
2
2
0
1
0
3
4
0
0
0
0
1
1
0
1
1
0
0
2
0
1
0
1
0
0
0
3
0
4
4
5
0
0
0
0
0
0
2
2
1
2
4
4
1
3
2
2
1
0
1
7
2
0
2
0
3
2
0
6
2
2
0
1
1
5
4
1
2
1
0
2
1
0
1
0
1
3
3
0
6
3
3
4
0
1
3
2
0
0
0
1
1
1
2
0
0
0
2
1
0
0
1
1
0
6
1
0
1
3
3
2
9
0
0
0
11
1
1
0
2
0
2
1
3
4
2
1
2
1
0
2
1
0
0
0
1
4
0
4
0
0
1
0
0
0
3
1
4
0
4
0
3
2
1
0
1
5
4
1
1
0
3
2
0
1
6
0
0
0
0
3
1
2
1
0
0
1
2
3
4
0
7
2
1
0
2
4
2
0
4
1
0
0
1
0
3
2
1
2
1
0
1
1
1
1
1
0
0
5
1
0
1
1
1
0
2
0
2
3
0
0
1
2
0
3
2
8
2
0
1
3
1
2
1
0
1
1
1
14
1
2
1
2
1
0
0
0
0
0
0
2
0
3
0
0
1
9
1
1
0
11
3
4
0
5
0
0
0
1
2
0
0
0
10
0
3
1
1
3
1
2
0
1
3
3
0
7
0
3
0
2
1
2
2
2
5
2
0
0
1
4
0
1
0
2
0
0
3
1
4
1
2
2
0
3
3
0
0
1
0
0
0
4
5
3
3
2
0
0
0
2
1
0
1
3
1
4
0
0
7
0
4
1
2
5
2
0
1
0
1
10
0
0
2
11
0
0
3
0
5
3
4
5
0
5
2
0
4
1
0
0
1
5
2
1
1
2
2
3
0
2
0
1
1
1
0
5
2
0
1
1
0
0
0
3
7
5
2
3
0
8
2
1
1
2
0
0
4
0
1
4
5
0
1
0
2
1
1
1
1
10
4
3
0
1
1
0
0
0
1
2
0
0
0
2
0
1
3
1
1
0
1
0
0
0
0
0
3
1
0
2
0
2
5
2
0
0
1
1
0
0
1
3
0
1
0
1
1
0
6
6
0
6
1
0
0
0
7
3
5
14
0
0
0
2
1
0
0
0
0
0
5
3
1
3
1
0
0
3
1
1
0
4
11
0
1
0
1
5
1
4
4
1
0
0
0
0
0
0
1
0
0
0
3
1
0
3
3
0
1
6
3
3
4
1
0
5
2
2
1
0
1
0
0
0
0
2
2
0
0
0
1
3
0
1
2
7
0
2
2
5
2
0
0
3
0
0
1
3
0
1
1
0
5
4
1
1
1
0
0
1
1
3
5
5
0
1
2
0
5
2
0
3
1
0
1
68
74
93
16
45
60
46
44
57
40
40
19
32
79
72
21
27
0
36
54
25
69
50
37
32
14
32
43
42
57
13
22
37
43
44
19
37
23
61
17
33
18
23
27
37
24
36
27
34
16
38
41
48
36
29
55
35
20
41
49
16
22
53
55
36
45
36
18
24
22
42
20
30
35
22
20
38
27
31
31
32
23
37
20
30
30
55
70
46
35
45
36
9
32
26
15
21
17
28
46
64
17
32
14
127
58
47
69
23
25
46
55
25
73
31
45
71
45
26
26
49
38
26
78
27
22
50
44
51
27
17
56
40
41
76
13
60
44
39
27
87
12
51
13
92
25
34
39
37
27
57
10
38
38
48
15
57
44
25
28
32
40
19
74
49
58
11
43
19
21
21
23
70
14
31
16
48
62
39
30
12
36
12
29
30
36
10
13
9
20
17
30
40
41
36
51
50
63
58
64
8
41
41
63
53
35
67
37
37
29
73
52
52
48
21
29
62
69
37
39
50
31
40
63
36
40
34
35
46
45
31
32
24
26
48
28
37
64
30
25
25
66
27
19
26
15
36
35
12
52
15
18
34
24
0
0
5
3
9
4
3
1
1
15
8
2
2
0
6
1
2
0
1
0
11
12
3
0
1
0
6
2
3
0
5
6
0
5
5
15
8
8
3
2
1
1
3
0
1
4
4
3
2
0
24
5
0
2
1
1
2
5
2
0
5
2
0
5
0
1
6
0
5
6
0
3
5
0
0
5
0
2
6
4
2
2
1
2
2
0
4
1
1
1
4
7
6
0
1
15
1
0
2
0
3
0
3
2
27
0
2
0
5
3
2
2
5
0
0
0
3
3
8
1
6
1
0
2
0
3
2
0
7
1
3
2
1
2
2
2
5
1
0
2
0
3
0
3
3
7
1
0
6
5
4
3
4
6
4
1
0
4
6
2
3
0
2
2
1
1
5
7
1
3
3
1
2
2
3
5
3
5
6
0
7
7
3
1
4
9
1
3
1
2
1
4
9
6
0
3
1
1
5
2
9
5
2
0
2
3
4
0
7
0
3
1
1
0
6
10
3
2
4
9
3
0
4
3
1
4
15
3
0
8
2
0
2
11
1
0
2
3
0
2
1
2
0
1
4
1
2
1
67
3
2
2
1
1
2
3
3
4
3
0
0
3
2
2
2
1
1
3
2
3
8
8
0
3
1
3
3
1
0
0
4
1
1
3
1
1
2
2
2
2
1
0
2
1
1
1
7
5
1
10
6
0
2
5
6
4
7
5
2
3
1
2
0
1
10
0
8
5
1
2
3
1
2
1
2
3
1
11
3
5
0
0
11
3
4
6
3
1
5
0
20
7
3
2
1
3
7
1
0
0
1
0
8
2
3
1
3
1
3
4
2
2
2
2
3
1
3
1
6
1
5
0
3
3
7
3
1
4
0
5
1
3
3
0
1
6
1
4
2
14
3
2
0
1
2
3
0
5
1
1
1
4
0
5
13
1
2
1
1
6
1
7
1
0
3
4
1
4
3
2
6
4
2
0
1
5
1
4
5
5
2
15
5
7
2
4
2
2
1
2
11
2
2
0
2
2
3
0
9
8
3
2
8
1
3
2
0
3
1
3
3
4
2
0
0
1
4
1
3
2
2
3
3
0
13
9
3
0
3
4
5
1
2
2
0
6
1
5
0
0
9
0
0
3
2
3
4
0
4
1
3
2
0
1
2
0
2
1
7
2
1
0
4
0
3
0
3
3
0
18
1
3
0
1
2
3
1
0
3
3
4
0
3
0
4
2
5
4
5
0
1
1
4
3
4
0
4
0
4
3
6
0
2
5
1
0
19
0
6
7
1
7
0
2
1
0
4
0
1
2
7
2
1
0
2
3
3
1
5
0
3
0
0
0
0
0
3
2
3
1
0
1
1
6
0
1
8
2
3
0
4
0
3
8
2
4
3
1
0
1
5
0
0
1
2
4
0
2
3
3
2
1
3
8
8
0
2
1
2
2
3
0
2
0
0
2
2
4
9
2
19
2
3
4
0
4
3
3
1
0
5
6
1
1
0
4
2
0
1
3
3
0
8
0
2
0
0
1
0
1
4
6
3
0
4
3
2
3
4
2
13
1
2
7
7
2
2
9
0
1
1
5
1
0
0
0
0
0
0
0
0
0
0
0
1
0
1
1
1
0
4
3
0
0
0
0
3
0
0
1
0
5
10
0
1
0
1
0
0
1
0
3
0
0
2
0
1
3
0
0
0
0
1
2
0
0
2
1
0
4
0
2
0
0
0
0
1
2
4
0
3
1
1
0
0
1
0
1
0
2
1
0
0
0
0
0
0
10
6
5
0
0
0
1
0
1
4
9
0
0
1
1
1
2
0
1
1
0
1
1
1
2
0
0
2
0
0
0
3
0
0
2
2
0
2
5
0
0
5
2
3
1
0
0
2
2
1
0
