v000007
5
0
1
5
0
1
0
0
2
0
4
0
1
1
1
1
0
0
1
1
1
4
4
0
1
2
1
0
0
2
1
0
1
0
1
0
1
1
1
1
7
0
0
4
3
1
6
0
0
0
0
0
0
1
0
1
1
2
0
0
0
2
2
1
1
3
1
1
1
1
1
3
3
6
3
6
1
0
2
1
4
0
2
3
0
0
1
0
0
0
3
1
2
1
1
0
1
2
0
0
1
2
0
0
6
0
4
4
2
0
0
0
1
0
0
6
0
0
9
0
5
2
1
0
1
0
0
2
3
0
4
1
1
1
0
1
2
2
2
0
1
1
2
1
1
4
0
0
0
1
2
0
0
2
0
1
0
0
3
1
2
1
3
0
2
2
1
1
0
1
5
1
2
3
0
0
1
0
0
0
1
3
0
0
2
2
4
0
0
0
4
0
2
0
0
5
1
0
0
5
0
0
2
0
3
0
1
0
2
2
0
2
1
3
2
0
0
2
6
3
1
0
0
0
1
0
0
3
0
0
0
0
0
0
1
4
0
1
2
1
1
1
2
1
1
1
1
3
5
0
0
1
1
0
2
1
1
1
1
0
1
3
0
0
0
1
1
1
4
2
8
0
0
2
3
1
1
1
0
0
0
0
0
0
1
0
0
3
2
2
2
1
1
2
0
1
0
0
2
2
0
3
8
1
2
0
0
2
2
1
3
1
1
3
3
0
0
0
0
4
0
0
4
0
1
0
0
0
0
0
3
0
0
2
3
1
0
0
0
4
1
2
1
0
1
0
0
1
0
0
6
2
5
3
2
0
0
1
4
2
1
3
1
3
1
1
1
14
3
1
0
0
0
0
8
0
2
0
0
2
1
0
1
2
1
1
1
3
0
1
0
2
0
3
2
2
1
3
0
1
1
2
0
0
0
3
3
0
1
0
0
0
1
2
5
0
1
0
0
0
0
1
0
0
1
5
1
3
2
0
0
2
6
1
0
2
0
2
0
2
10
0
0
2
0
0
0
3
0
1
1
1
2
0
3
1
3
0
2
0
0
0
0
2
4
0
0
0
0
0
0
1
2
0
1
3
2
3
0
1
0
1
1
0
0
0
0
6
0
0
6
4
1
3
2
0
4
3
1
0
0
4
3
1
0
1
0
5
2
0
1
0
4
0
0
0
1
0
0
1
4
0
1
0
1
3
0
1
0
1
0
1
1
0
3
0
3
1
0
1
1
0
0
1
1
0
2
5
0
0
0
1
0
4
1
3
0
1
0
2
0
2
1
0
0
0
0
0
0
2
0
0
0
0
0
0
0
4
0
1
1
1
0
2
0
1
0
1
2
0
2
1
0
2
0
2
0
4
3
2
0
1
0
0
0
1
0
0
2
3
0
2
0
0
1
2
1
0
1
0
2
2
4
1
1
0
0
2
0
1
0
1
4
1
1
0
5
1
3
4
0
0
2
2
0
0
1
4
1
1
0
2
1
0
0
3
0
1
0
5
1
1
0
0
1
2
0
3
1
2
0
2
0
0
7
0
1
0
1
0
0
0
0
0
3
3
0
0
0
0
2
0
0
3
0
5
0
0
1
4
7
0
0
0
2
1
2
0
1
0
1
0
0
1
3
0
0
1
0
0
0
10
3
0
2
0
1
0
34
36
44
34
15
16
40
26
21
19
41
23
24
32
87
25
16
1
15
62
17
26
13
38
9
12
26
18
40
27
8
35
15
19
24
21
27
25
24
21
30
24
12
16
27
21
22
9
26
8
26
29
36
14
14
17
19
14
33
26
8
16
31
30
23
34
28
5
21
24
24
13
15
21
23
33
27
20
27
18
17
19
36
20
83
18
37
21
24
35
29
20
2
6
13
9
15
20
15
8
20
26
34
23
38
19
31
26
66
13
36
32
16
27
30
12
34
17
16
21
22
29
29
33
12
15
23
18
39
33
17
41
23
19
30
14
37
32
67
19
13
18
42
8
51
23
10
17
39
22
25
12
48
26
25
14
33
23
20
13
28
30
9
39
32
23
2
40
11
29
25
20
42
22
47
47
21
31
31
18
6
19
12
17
18
10
12
18
4
11
19
38
27
27
7
29
15
86
28
13
1
53
20
133
39
67
31
34
24
16
28
44
9
55
19
13
34
42
14
19
39
34
19
27
19
25
27
37
34
26
48
37
70
29
23
13
24
34
20
21
18
32
20
28
27
28
37
32
25
17
14
14
46
20
1
0
3
0
1
1
5
0
4
3
4
3
2
1
5
1
3
5
0
1
8
2
5
0
2
1
0
1
0
0
3
0
0
0
3
4
1
6
1
2
4
0
0
4
2
0
0
1
0
1
39
2
1
1
2
0
0
0
0
0
1
4
1
0
0
0
0
0
6
5
1
0
1
2
1
4
4
2
0
0
1
1
2
0
3
1
0
1
3
0
3
3
1
1
2
5
0
0
0
2
2
1
0
0
18
2
1
4
0
2
3
2
0
0
2
2
0
1
0
0
4
1
0
2
0
0
1
0
1
2
2
0
1
3
1
1
1
0
1
0
5
0
0
1
2
1
4
0
0
1
1
1
0
1
0
1
0
0
0
2
1
0
0
0
0
1
3
6
2
0
0
1
0
3
0
0
2
7
3
1
1
3
6
1
1
9
2
1
0
1
0
4
0
8
0
3
0
1
0
2
5
3
0
2
3
0
0
0
0
0
0
4
4
0
2
3
3
0
2
6
1
1
1
0
0
4
1
5
0
2
2
0
0
4
1
0
0
1
1
2
0
0
0
1
2
7
0
0
26
1
5
0
0
3
0
2
0
5
0
0
0
1
3
2
1
2
3
2
1
2
6
3
1
1
0
0
1
0
0
0
0
5
0
2
0
3
1
5
1
4
0
1
1
0
1
1
1
2
0
0
6
2
1
3
3
2
1
3
3
1
1
1
1
3
0
2
12
1
0
0
0
1
0
0
0
1
2
2
2
3
0
2
7
3
0
0
2
2
0
3
13
9
4
0
1
1
3
2
3
3
0
0
1
1
1
1
3
1
3
2
0
2
3
1
2
2
1
2
1
4
3
1
0
5
1
0
4
1
0
0
0
1
0
2
3
0
0
0
2
12
1
1
1
0
1
0
1
3
2
0
2
0
2
0
3
0
0
2
0
6
4
2
0
0
0
0
0
1
3
1
3
3
2
1
0
0
4
2
4
3
4
13
3
2
1
1
3
1
0
1
4
2
0
2
0
0
1
0
1
3
1
4
2
2
2
0
0
5
0
0
0
0
0
2
0
2
5
1
0
2
1
1
2
1
7
2
2
1
1
1
0
2
1
1
0
1
1
1
0
1
5
4
0
0
3
0
1
0
5
0
2
2
0
0
4
0
0
0
0
2
0
1
0
0
1
1
2
2
0
13
0
0
1
1
4
1
2
2
3
5
7
1
0
1
3
0
1
2
1
1
0
1
2
1
0
0
0
1
2
2
4
1
0
1
1
0
1
0
8
1
1
5
1
1
1
1
1
0
1
0
2
1
1
0
4
2
0
1
2
0
1
0
2
1
0
3
3
2
1
2
0
1
0
2
4
4
4
1
2
4
1
0
0
0
3
5
4
0
2
4
1
1
0
1
0
0
0
2
0
0
4
2
3
1
0
0
2
0
0
2
2
0
1
1
0
1
5
1
1
1
11
0
0
1
0
4
2
1
4
0
1
5
0
0
1
0
1
1
0
0
1
0
4
0
0
0
2
1
2
0
2
1
1
0
0
0
4
2
0
1
10
2
2
0
1
0
0
6
0
2
0
0
1
0
0
0
2
0
0
0
0
1
0
0
2
2
0
1
0
0
3
1
0
0
0
0
0
0
3
0
2
0
0
0
0
1
2
0
1
0
0
2
0
2
1
0
0
1
0
0
1
0
0
0
0
0
3
0
0
1
0
4
0
0
0
0
0
0
0
0
0
1
0
0
0
0
1
3
0
0
2
0
0
6
0
0
0
0
1
0
0
3
0
0
0
0
1
0
1
0
1
0
0
0
0
0
0
2
1
0
3
2
0
0
1
0
7
0
3
0
2
0
0
0
0
3
1
0
0
0
1
0
0
0
0
0
0
0
