v000054
0
1
1
0
0
0
0
1
0
0
0
0
0
0
0
0
0
0
1
1
0
0
0
0
1
0
0
0
0
0
0
0
0
0
0
0
0
0
0
0
0
0
1
1
0
0
0
0
0
0
0
0
1
1
0
0
0
2
0
0
0
0
1
0
0
0
0
0
1
0
0
0
0
0
0
0
0
0
0
0
0
0
0
0
0
0
0
0
0
0
1
0
0
0
0
0
1
0
0
0
0
0
1
0
0
0
0
0
3
0
0
0
0
0
1
0
0
0
0
0
0
0
0
0
0
0
0
0
0
0
0
0
0
0
0
0
0
0
2
0
0
0
0
0
0
0
0
0
0
0
0
7
0
1
0
0
0
0
0
1
0
0
0
1
0
0
0
0
0
0
0
0
0
1
0
0
0
0
0
0
0
0
0
0
0
0
0
0
0
0
0
0
0
0
0
0
0
1
0
1
0
0
0
1
0
0
0
1
0
0
0
0
0
0
0
1
0
0
0
0
0
0
2
0
0
0
0
0
1
1
0
0
0
0
0
0
0
0
0
0
0
0
0
0
0
0
0
0
2
0
0
0
0
0
0
2
4
0
0
0
1
0
0
2
0
0
0
0
0
0
0
0
0
0
0
0
0
0
0
0
0
0
0
0
2
0
0
0
0
0
0
0
0
0
0
0
0
1
0
0
0
1
0
0
0
0
0
0
0
0
0
0
0
0
1
0
0
0
0
0
0
0
0
0
0
0
0
0
0
0
0
0
0
0
0
0
0
0
0
0
2
0
0
0
0
0
0
0
0
0
0
0
0
1
0
0
0
0
2
0
0
0
0
0
0
0
0
0
0
0
0
1
0
0
0
0
0
0
0
0
0
0
0
0
0
0
0
0
0
0
0
0
0
0
0
0
0
0
0
0
0
1
0
0
2
0
0
0
0
0
0
0
0
0
0
0
0
0
0
1
0
0
0
0
0
2
0
0
0
0
0
0
0
0
0
2
0
0
0
0
0
0
0
0
0
0
0
0
0
0
0
0
1
0
0
0
0
0
0
0
0
0
0
0
0
0
0
1
0
0
0
0
0
0
0
0
0
0
0
0
0
0
0
0
0
0
0
0
0
0
0
0
0
1
0
0
0
0
0
1
0
1
0
0
1
0
0
0
0
0
0
0
0
0
0
2
0
0
0
0
0
0
0
0
0
0
0
0
0
1
0
0
0
0
0
0
0
0
1
0
0
0
0
0
0
0
0
0
0
0
0
0
0
0
0
0
0
0
0
0
3
0
0
0
0
1
0
0
0
0
2
0
0
0
0
0
0
0
0
1
0
0
0
0
0
0
1
0
0
0
0
1
0
0
1
0
0
0
0
0
0
0
0
0
0
0
0
0
0
0
0
0
0
0
0
0
0
0
2
0
0
1
0
1
1
0
0
0
0
0
0
0
2
0
0
0
0
0
0
0
0
0
0
0
0
2
0
0
0
0
0
0
0
1
0
0
0
0
0
0
0
0
0
0
0
0
1
0
0
0
0
0
0
0
1
0
0
2
0
0
1
0
0
0
0
1
0
0
0
0
0
0
0
0
0
0
0
0
0
0
0
0
0
0
0
0
0
0
2
0
0
1
0
0
0
0
0
0
0
0
0
0
0
1
1
0
0
0
19
110
40
9
14
27
23
7
8
5
10
17
58
29
32
0
26
0
6
29
35
6
18
8
12
71
22
21
10
13
10
23
1
12
9
4
10
8
25
38
124
1
13
3
0
9
17
35
7
8
51
16
12
26
14
34
33
13
2
10
2
19
12
8
23
23
17
4
4
25
8
4
23
6
68
10
13
34
25
17
14
18
24
35
30
17
5
18
19
13
7
18
6
23
54
2
3
16
10
27
1
3
8
8
32
3
24
18
17
14
9
20
18
30
29
15
33
16
11
15
99
82
1
16
9
20
13
4
36
14
9
13
52
3
45
22
5
20
47
25
31
2
10
4
34
8
140
4
7
24
3
0
31
16
29
28
19
46
59
17
8
29
2
5
17
15
2
23
3
10
9
4
15
3
2
11
7
11
26
9
1
115
37
32
13
12
71
3
4
29
33
71
26
15
5
15
14
88
6
24
13
3
104
73
47
14
7
13
2
129
17
9
10
13
15
3
5
33
22
10
12
31
8
40
6
36
2
23
15
25
16
9
11
24
14
26
5
12
19
4
28
32
9
25
8
6
27
37
2
31
30
3
26
35
1
0
0
7
0
1
11
0
0
0
2
1
0
0
0
1
0
0
0
0
2
20
3
0
0
0
2
0
0
0
0
0
1
0
5
2
0
0
0
0
0
0
0
1
0
0
0
0
0
0
47
5
0
0
4
0
0
0
0
1
0
0
0
0
0
0
0
0
0
0
6
0
1
0
1
0
0
0
0
0
0
0
0
0
0
0
0
0
0
0
1
0
14
0
0
0
0
0
5
0
0
0
0
1
11
0
0
0
0
0
0
0
0
0
0
0
0
0
0
0
0
0
0
0
0
0
0
6
0
0
2
0
0
2
0
0
3
0
0
0
0
0
0
0
2
0
0
0
7
0
8
11
0
0
0
1
1
0
0
0
0
0
0
0
0
1
0
0
0
0
0
0
0
0
0
0
16
1
5
0
0
0
0
0
0
1
0
0
1
0
0
1
0
0
0
0
0
0
0
0
0
7
1
0
0
2
0
0
1
0
0
0
1
0
0
22
1
0
1
2
0
0
0
0
0
0
1
1
0
0
3
0
0
0
0
0
0
0
1
6
1
0
0
0
0
2
0
0
3
8
0
1
2
0
1
0
0
2
0
0
1
0
0
0
0
0
0
1
0
0
12
56
0
0
0
0
0
1
0
0
4
2
0
0
5
0
0
0
0
0
1
0
0
0
0
0
0
0
3
1
0
0
0
0
0
7
0
12
0
0
0
1
3
0
0
0
35
0
0
0
0
0
0
0
0
2
0
1
0
0
0
0
17
0
0
0
8
1
1
0
5
13
0
0
0
0
9
0
0
1
0
0
0
0
0
0
2
3
6
2
0
0
0
0
0
7
2
1
0
0
0
1
1
0
0
1
0
0
0
0
2
2
1
0
2
0
0
2
1
0
0
0
0
0
4
0
0
2
0
0
0
0
4
8
0
1
0
0
0
0
0
0
0
5
0
0
0
3
10
0
1
0
0
0
0
0
0
0
1
1
0
13
0
0
0
0
4
1
2
0
34
0
0
0
0
0
0
0
0
0
0
0
0
0
1
0
0
0
3
0
0
0
4
0
0
1
0
2
0
0
0
0
0
1
3
0
0
0
0
0
0
0
0
0
0
0
0
0
0
0
0
0
0
0
0
0
3
0
1
0
5
0
0
0
1
0
0
0
0
0
0
0
0
0
0
0
7
0
0
0
0
1
0
0
0
14
0
0
5
0
2
0
0
0
0
0
1
0
0
0
0
0
0
0
1
0
2
0
0
0
0
0
0
0
0
2
0
0
10
0
0
8
0
0
0
0
0
0
0
0
6
0
0
0
0
1
1
2
4
0
0
0
0
0
0
0
0
1
0
4
19
4
1
0
1
0
0
1
2
0
0
0
0
2
0
0
0
0
0
0
0
0
0
0
2
2
0
0
0
0
1
4
0
0
0
0
4
0
1
0
0
0
0
0
0
0
0
0
0
0
10
1
1
4
0
15
0
1
1
0
0
1
0
0
0
6
0
2
0
1
0
0
2
0
0
0
0
1
0
0
0
0
3
0
0
1
0
0
0
2
11
0
0
0
0
0
0
0
0
0
2
3
0
0
0
0
0
0
0
0
0
0
0
0
0
0
0
0
0
0
0
1
1
0
0
0
0
0
0
0
0
0
0
0
0
1
0
0
0
0
0
0
0
0
1
0
0
0
3
0
0
2
0
0
0
2
0
0
0
1
0
0
0
0
0
0
0
0
1
0
0
5
0
0
0
8
0
0
0
0
0
0
0
0
0
9
0
0
0
0
0
0
0
0
1
0
0
0
0
0
2
0
0
0
0
0
1
0
0
0
8
2
1
0
0
0
0
0
0
0
0
0
0
0
0
0
0
0
0
0
5
0
1
0
0
0
0
0
