v000030
3
1
0
9
1
0
0
3
0
0
0
1
0
0
0
0
0
0
0
0
4
0
1
0
1
0
1
0
0
0
0
7
0
1
0
3
0
0
0
3
2
0
0
0
0
0
5
0
0
4
0
2
2
4
1
0
1
0
0
0
0
0
0
0
1
1
1
1
0
1
0
0
0
0
1
2
0
2
1
0
0
0
1
0
0
2
2
0
0
0
0
0
0
1
1
4
0
0
0
1
0
0
0
0
1
1
0
1
0
0
0
1
0
0
0
1
0
0
0
0
1
4
0
0
0
0
0
0
0
0
0
0
0
0
1
0
0
2
1
1
0
0
7
0
0
0
1
1
1
0
1
0
3
0
0
1
1
0
0
0
0
0
0
0
2
2
0
1
1
0
0
0
0
1
0
0
0
0
0
3
1
1
3
0
0
0
0
0
1
0
0
1
0
0
0
2
0
1
2
0
0
3
0
0
0
0
0
0
0
3
2
2
1
0
1
0
1
1
2
0
1
0
0
1
0
0
1
0
0
0
1
1
0
0
0
0
0
0
0
0
0
2
0
4
0
0
1
1
0
0
1
1
0
0
0
3
1
2
0
0
1
2
1
0
0
1
0
1
0
1
0
1
0
0
0
0
0
0
0
0
1
0
0
1
0
1
0
0
1
0
0
0
1
0
0
0
0
0
0
1
0
0
0
2
0
0
1
0
0
2
0
1
0
0
7
0
1
2
0
0
0
0
0
0
0
0
0
0
1
2
0
2
0
0
0
0
0
0
0
0
2
0
0
0
1
1
0
0
1
1
2
0
0
3
0
0
0
0
0
0
0
1
0
1
2
0
0
0
0
0
0
1
2
0
2
0
0
3
0
1
1
0
1
2
0
0
0
0
0
0
0
0
0
1
0
0
0
0
2
2
0
0
0
0
1
0
0
0
1
0
0
0
0
0
4
1
1
0
0
0
0
0
0
0
0
0
0
1
0
0
0
0
0
0
1
0
0
1
2
0
0
0
0
0
0
1
0
0
0
0
0
0
1
1
0
1
0
1
0
6
1
0
1
2
1
0
0
0
0
0
0
0
0
1
0
2
0
0
0
0
0
0
0
0
0
3
0
2
1
0
2
3
0
1
0
0
0
1
0
0
0
3
0
2
0
0
0
1
1
1
1
2
0
1
0
0
1
0
0
0
0
1
1
0
0
0
0
0
0
0
1
0
0
0
0
0
0
0
0
0
0
0
0
2
7
1
1
0
0
0
0
2
0
0
0
1
0
1
0
1
0
0
0
4
1
0
0
1
2
2
0
2
0
0
2
0
0
0
0
0
0
2
1
0
0
0
0
0
0
1
0
3
1
0
0
0
0
2
1
1
0
0
0
0
2
2
0
2
1
0
0
3
0
0
1
0
1
0
0
1
0
2
0
2
0
0
0
5
0
0
0
0
0
1
0
1
0
0
0
3
0
0
1
0
0
1
0
1
0
0
0
0
0
0
0
0
1
0
0
2
0
0
0
0
0
1
0
0
0
0
0
0
2
0
7
2
0
1
0
1
4
0
0
1
3
3
0
1
3
1
0
0
1
12
1
0
1
1
0
0
0
0
1
0
0
0
0
3
0
0
2
0
4
1
4
0
1
0
3
1
0
0
1
1
0
1
0
4
144
18
58
2
8
17
9
18
5
25
20
16
19
3
15
48
24
0
7
21
5
10
12
13
4
3
105
7
21
40
5
6
29
23
14
9
10
3
12
13
8
14
6
11
7
18
18
2
3
60
0
9
23
6
15
5
11
18
4
31
4
12
89
12
18
20
5
0
9
5
9
2
15
4
22
3
15
9
43
5
74
17
4
13
4
8
10
21
16
10
40
8
7
9
6
6
20
10
10
14
12
9
8
4
14
17
10
19
10
6
21
5
15
21
11
8
15
15
6
16
12
16
26
20
15
6
14
25
13
16
8
25
0
11
14
10
14
20
4
0
26
2
40
2
99
8
10
23
30
10
20
1
14
20
12
22
18
23
20
12
1
12
3
20
9
6
5
10
12
9
4
10
21
2
7
6
12
6
13
3
1
2
4
12
15
3
2
28
20
15
9
7
46
3
2
5
12
17
13
8
2
12
6
16
15
11
11
9
16
14
18
9
11
6
17
9
42
5
12
3
5
8
6
32
16
29
13
12
30
16
24
23
23
10
30
12
6
12
8
8
16
19
3
9
13
4
4
13
13
14
6
13
73
11
0
0
1
0
1
0
3
0
0
0
0
1
0
0
0
0
0
0
0
0
1
0
0
0
0
0
0
4
0
1
0
0
0
0
0
0
0
0
4
0
0
0
0
0
1
0
0
0
0
0
5
0
0
2
0
1
1
0
0
0
1
0
1
0
0
0
1
0
1
0
0
0
3
0
0
0
0
0
0
0
0
3
2
0
0
1
0
0
0
0
0
0
1
1
0
3
0
0
1
0
0
3
0
0
11
0
0
0
0
0
0
0
0
0
0
0
0
0
0
0
0
0
1
0
0
0
0
0
0
0
0
0
0
0
0
0
0
0
1
0
0
0
0
0
0
0
1
0
0
0
0
0
0
0
0
0
0
1
0
0
0
0
0
0
0
0
0
2
0
0
0
2
1
0
0
0
0
3
0
0
0
0
0
0
0
0
0
0
0
0
0
0
0
0
0
0
0
1
0
0
0
2
0
2
0
0
11
0
0
0
0
1
0
1
0
4
0
0
0
3
1
0
0
0
0
0
1
0
0
0
0
0
0
0
0
0
0
0
0
0
0
0
0
0
0
0
0
1
22
0
0
0
0
0
0
0
0
0
0
1
0
0
0
0
0
0
1
2
0
1
9
0
0
0
0
0
2
0
1
0
0
0
0
0
0
0
0
0
0
0
0
0
0
0
0
0
0
0
0
1
1
0
0
0
0
7
0
0
0
2
2
0
3
0
0
0
3
1
0
1
2
0
2
0
0
0
0
1
0
0
0
0
8
0
1
0
2
0
1
1
0
1
2
3
0
0
0
2
0
0
1
0
0
0
0
0
0
0
5
0
0
1
0
0
0
0
1
0
1
0
0
0
1
5
0
0
1
0
0
0
0
1
0
2
0
1
0
3
1
1
1
0
0
0
0
0
0
0
0
0
0
0
0
0
3
0
0
0
0
0
0
0
2
0
0
0
0
0
1
1
2
0
1
0
0
1
0
0
1
0
0
4
0
0
0
0
0
2
0
0
2
0
0
0
0
0
1
0
0
0
1
0
2
0
0
0
0
1
0
2
0
0
0
0
0
0
1
0
0
0
0
0
0
0
3
0
1
0
0
0
1
0
0
0
0
3
1
1
0
0
3
0
0
0
0
0
0
0
0
0
0
0
0
0
0
0
0
0
1
0
2
1
0
0
0
0
0
1
0
0
0
0
0
0
0
0
0
0
0
0
1
1
0
0
1
0
0
0
0
0
0
0
1
0
0
0
0
0
0
0
0
0
0
0
0
0
2
1
0
0
0
9
0
0
0
0
0
0
0
0
0
0
0
0
1
0
0
0
8
0
0
0
0
0
0
0
1
0
0
0
3
1
3
2
0
0
0
0
0
0
0
1
0
0
0
0
0
0
0
0
0
1
0
0
0
0
0
0
0
0
4
0
0
0
0
0
0
0
1
3
0
3
0
1
1
0
0
0
1
0
4
0
0
0
0
0
0
0
0
0
0
1
0
0
0
0
0
0
0
0
0
0
4
0
0
0
0
0
0
0
4
2
0
0
0
0
0
0
0
0
6
0
8
1
0
0
0
0
0
0
0
0
0
1
0
0
0
2
1
0
0
0
0
0
0
1
0
0
0
0
0
1
4
0
0
0
0
0
0
0
0
1
0
0
1
0
0
0
2
1
0
0
0
0
0
0
2
0
0
2
0
0
0
0
0
0
2
0
0
0
1
0
0
0
5
0
0
0
1
0
0
0
0
0
3
0
0
0
3
1
0
0
1
0
0
0
3
1
0
0
0
0
0
0
0
0
1
0
0
1
0
0
0
3
0
0
3
1
0
0
0
0
0
1
0
5
0
0
1
0
1
0
1
0
0
0
0
0
3
0
1
0
0
1
0
1
0
0
