v000009
0
1
2
7
0
1
2
4
0
1
3
0
1
0
0
0
4
2
0
0
1
0
0
0
0
0
1
5
0
1
1
0
2
0
1
1
0
1
1
3
1
0
1
5
0
3
0
0
1
0
0
4
3
0
0
0
0
0
0
0
2
3
3
3
0
4
2
0
1
1
4
0
0
0
8
0
2
0
1
1
1
0
0
1
1
0
1
0
3
2
0
0
0
0
2
1
0
0
0
6
1
0
0
1
0
0
0
0
0
4
0
0
0
0
0
4
1
4
0
2
1
0
3
1
2
4
0
3
1
1
0
0
0
1
5
0
0
1
0
0
0
0
1
2
2
2
10
1
0
1
2
1
1
0
2
0
0
1
0
0
0
1
0
0
3
2
2
5
2
8
1
6
1
0
0
0
2
0
0
0
0
0
1
6
2
0
0
4
0
2
1
0
3
1
1
0
0
2
3
1
0
0
2
3
0
1
2
1
1
1
0
1
2
1
1
0
0
0
3
0
2
1
0
0
1
0
1
0
1
0
2
2
1
0
0
2
0
0
0
1
2
6
0
1
1
0
1
1
4
1
0
3
0
3
0
3
2
1
5
1
0
0
1
4
2
3
0
0
1
1
0
1
0
0
2
2
10
2
0
5
1
0
5
0
0
0
1
0
0
2
3
3
0
0
0
2
0
1
0
3
4
0
0
0
0
0
1
0
2
0
1
0
1
1
0
0
0
1
0
2
4
2
1
0
0
0
0
1
1
0
0
0
14
0
2
0
0
2
0
2
0
2
0
1
0
0
0
4
2
0
0
0
5
0
2
0
0
4
0
3
0
2
2
2
2
2
0
1
2
1
1
1
0
1
0
0
0
0
0
1
3
2
1
5
0
0
0
2
2
0
1
0
0
0
0
3
1
2
0
0
1
0
1
1
1
1
0
1
1
0
0
0
4
6
4
1
0
0
1
0
0
0
5
1
1
0
1
1
0
1
0
0
4
0
0
2
1
0
0
1
3
6
0
0
2
1
1
2
0
1
0
1
0
0
0
1
8
0
0
0
0
0
1
2
1
4
0
1
0
0
1
0
0
3
0
1
0
0
0
0
2
0
1
3
0
2
0
1
1
1
0
1
0
1
0
3
1
8
0
2
0
0
2
0
3
3
1
0
3
1
1
0
1
1
1
0
1
0
0
0
1
1
1
0
4
5
2
2
0
0
3
0
3
0
0
0
0
0
1
1
2
5
7
0
3
2
0
0
0
0
3
2
2
2
5
0
0
1
1
2
0
1
3
1
0
0
0
1
0
0
1
0
1
0
0
4
3
2
2
0
2
3
2
0
1
2
2
1
2
3
3
1
0
2
8
0
0
1
0
0
0
2
3
0
0
1
1
0
1
2
0
2
2
2
2
1
2
1
3
0
0
0
0
1
0
1
1
1
1
1
0
1
1
0
0
1
2
0
0
0
0
0
2
3
1
0
0
3
1
0
1
2
1
1
0
0
2
0
1
1
1
0
2
1
0
2
1
1
0
4
1
2
6
1
0
3
1
0
0
2
1
1
1
3
3
1
1
2
3
2
1
0
3
1
0
0
1
2
1
0
1
1
4
0
1
1
2
4
1
0
2
0
1
1
0
1
1
2
0
0
3
0
1
0
1
3
0
0
76
38
62
45
29
49
76
27
51
35
33
33
34
45
45
29
9
0
44
37
39
43
37
31
20
25
15
26
30
26
16
31
33
29
32
16
49
18
48
22
16
21
9
9
12
10
22
30
24
22
16
30
23
26
25
32
32
15
23
44
8
18
43
18
35
29
33
25
24
29
15
21
20
19
18
18
20
26
39
18
31
34
40
24
32
6
47
38
36
24
47
18
7
10
12
19
24
9
27
13
24
16
19
9
57
32
31
25
9
10
40
28
19
54
22
23
28
16
14
15
17
28
42
45
9
19
20
39
50
31
17
26
16
34
28
7
30
24
40
10
14
11
39
19
63
10
16
29
28
22
17
17
25
26
20
23
46
38
14
32
33
27
22
49
51
27
7
73
25
12
14
17
29
15
16
13
22
37
27
47
9
20
15
18
21
26
23
14
8
10
30
11
23
23
17
44
12
42
34
15
4
29
30
60
31
30
24
15
7
15
57
30
21
12
8
14
28
29
18
31
34
28
12
64
22
15
19
20
73
54
21
36
21
23
16
23
27
20
41
23
29
50
17
30
28
20
26
23
29
32
23
16
38
21
1
0
0
0
1
3
14
0
0
0
2
0
0
1
5
0
5
1
0
0
8
4
3
1
0
1
3
0
1
0
0
1
0
1
2
7
0
1
1
0
2
0
1
0
3
0
0
1
0
0
62
0
1
0
1
0
0
0
0
0
5
0
0
4
0
0
0
0
0
2
5
0
1
2
1
1
1
4
2
0
0
3
0
0
1
0
1
0
0
0
1
1
2
0
1
5
2
0
0
3
1
1
2
3
23
0
2
3
4
0
1
6
0
2
0
2
2
0
1
0
1
0
0
1
0
0
1
1
1
3
0
1
2
3
1
0
3
1
2
1
0
2
2
4
3
3
1
0
2
3
2
1
1
3
0
0
0
0
3
2
2
0
0
1
0
1
2
2
0
0
1
1
0
1
1
0
4
4
2
0
3
4
2
0
1
0
0
6
0
0
1
0
11
2
3
4
0
1
0
4
1
2
0
0
0
2
0
0
2
0
1
2
2
0
0
5
0
1
2
7
0
0
0
1
0
0
2
5
1
3
2
0
2
1
0
0
1
0
0
2
0
0
0
0
0
1
0
1
30
2
1
1
0
1
0
1
5
1
9
1
0
1
4
2
1
0
0
3
2
2
4
4
0
2
0
3
1
1
0
1
3
4
0
2
0
2
1
1
1
0
1
1
2
1
0
0
5
3
1
0
1
2
0
2
0
4
3
2
1
0
1
0
1
1
0
2
8
0
0
3
2
0
1
1
1
1
0
3
0
2
0
1
1
2
0
2
0
1
2
0
9
12
3
0
0
0
11
3
1
0
0
1
4
1
1
0
4
0
7
0
2
1
1
0
3
0
1
3
2
0
0
0
0
0
3
0
1
1
0
2
0
0
2
0
3
3
0
2
2
12
0
1
2
0
3
1
0
2
2
0
2
0
0
4
6
1
2
0
0
2
3
5
0
0
7
0
0
2
4
1
1
0
1
0
0
1
1
3
6
3
1
14
1
2
0
1
1
0
2
2
8
2
1
1
2
2
2
3
1
0
3
0
1
4
3
0
2
2
0
0
0
1
0
0
1
1
0
1
1
1
1
1
1
1
12
1
5
1
1
0
1
0
0
1
0
1
1
0
1
1
13
0
3
0
1
1
4
0
3
0
2
2
0
0
2
0
2
0
1
0
3
2
0
0
1
3
0
0
0
4
0
1
0
0
2
5
2
2
2
1
5
1
1
0
1
2
0
0
4
0
0
0
0
0
3
0
2
1
0
2
2
0
0
1
0
0
4
0
10
3
6
2
2
0
0
0
2
0
1
2
2
0
1
0
0
1
2
1
1
0
0
0
2
2
2
0
2
1
2
0
0
3
1
1
3
2
9
1
2
5
0
0
0
2
0
0
3
0
2
3
2
0
0
0
3
0
1
1
0
3
5
1
1
0
1
0
0
3
0
0
0
0
1
0
0
2
3
2
0
2
21
0
0
0
0
4
1
1
3
0
1
1
0
0
0
1
0
0
0
0
1
1
12
0
2
0
1
2
2
2
1
3
0
1
1
0
0
2
1
2
6
1
0
0
0
2
2
1
0
1
0
1
2
0
0
0
0
0
1
0
0
0
0
0
1
0
0
0
1
0
1
0
1
0
1
0
4
0
0
0
0
0
0
0
0
1
1
0
1
0
0
0
3
1
1
0
0
1
0
0
0
0
1
1
4
0
0
2
0
2
0
0
0
3
0
1
2
0
1
0
2
0
1
1
1
0
0
1
0
0
0
1
3
0
0
0
0
1
3
3
1
0
1
0
0
0
2
1
2
0
0
1
3
0
6
0
0
1
0
0
1
0
0
0
0
0
0
2
0
1
0
0
1
0
0
0
1
1
3
0
5
0
0
1
0
1
0
0
