v000075
7
0
0
12
0
1
0
0
0
0
0
0
0
0
0
0
0
0
0
0
1
0
0
0
0
0
0
0
0
0
0
0
0
0
0
0
0
0
0
0
0
0
0
0
0
1
2
0
0
0
0
0
3
0
1
0
0
0
0
0
0
0
0
0
0
0
0
0
0
0
1
0
0
3
1
0
0
0
0
0
0
0
0
0
0
0
0
0
0
0
1
0
0
0
0
0
0
0
0
0
0
0
0
0
0
0
0
0
0
0
0
1
0
0
0
0
0
1
0
0
1
0
1
0
0
0
0
3
0
0
2
0
0
0
0
0
0
0
0
0
0
0
1
0
0
0
0
0
0
0
0
0
0
0
0
0
0
0
0
0
0
0
0
0
0
0
0
0
0
0
1
0
0
0
0
0
0
0
0
0
0
0
0
0
0
1
0
0
0
0
0
3
0
0
0
0
0
5
1
0
0
0
0
0
1
0
0
0
0
0
0
0
0
0
6
0
1
6
0
1
0
0
0
0
0
0
0
2
0
0
2
0
0
0
0
0
0
0
0
0
0
0
0
0
0
0
0
0
0
0
0
0
0
0
0
0
0
0
0
0
3
0
0
0
0
4
0
0
0
0
0
0
6
0
0
0
1
5
0
0
0
0
0
2
0
0
2
0
0
0
0
0
0
0
4
0
0
0
0
0
0
0
0
0
0
0
0
0
2
0
0
3
0
0
0
0
0
0
0
0
0
1
0
0
0
1
0
0
1
0
0
0
0
0
0
0
1
0
0
0
0
0
0
0
0
1
0
7
0
0
0
0
0
0
0
0
0
0
0
0
0
0
0
0
0
0
0
0
0
0
0
0
0
0
0
0
0
0
0
3
0
0
0
0
3
0
3
0
1
0
0
0
1
6
0
0
0
0
0
0
0
0
0
0
0
0
0
0
0
1
0
0
2
0
0
0
0
0
0
0
0
0
1
0
2
0
0
1
0
0
0
0
0
0
0
0
0
0
0
4
0
2
0
0
0
0
6
0
0
1
0
0
0
0
0
0
0
0
0
0
0
0
0
0
0
0
0
0
0
0
0
0
0
0
0
0
3
0
0
0
0
0
0
0
1
0
0
0
0
0
1
0
0
0
0
0
0
0
0
0
0
0
0
0
0
0
0
0
0
0
0
1
0
0
0
0
0
0
0
1
0
0
0
0
0
1
0
0
0
0
0
0
0
0
0
0
0
0
0
7
0
0
1
0
0
4
0
0
0
0
2
0
0
0
0
0
0
0
0
0
0
0
0
1
0
7
0
0
0
0
0
0
0
1
0
0
0
0
0
0
0
0
0
0
0
0
0
0
0
0
0
0
0
0
0
0
0
0
1
0
0
0
0
1
0
0
0
1
0
0
0
0
0
0
0
0
0
0
0
0
1
0
0
0
0
0
0
0
0
0
0
0
6
0
1
0
0
0
0
0
0
0
0
0
0
0
0
0
0
0
0
0
0
0
0
0
0
0
0
1
0
0
0
0
0
2
0
1
4
0
0
0
0
0
0
0
0
0
0
0
0
0
0
3
0
0
0
0
0
0
0
0
0
0
0
0
0
0
0
0
1
0
0
0
0
1
0
0
0
0
3
0
0
0
0
0
0
3
0
1
1
0
0
0
0
0
0
0
193
24
49
6
3
24
3
6
1
14
25
20
6
1
4
0
6
0
10
17
8
1
26
2
6
0
127
3
20
13
1
3
14
1
1
1
40
3
17
6
3
5
11
2
0
1
7
4
2
14
1
9
1
7
4
13
10
7
6
37
4
1
21
4
22
2
2
3
6
2
0
0
6
0
4
12
2
6
0
3
96
0
5
4
4
11
3
0
6
4
3
5
3
1
2
12
1
8
0
7
10
7
6
1
14
4
79
2
3
0
2
12
5
13
5
2
13
34
5
6
6
2
8
20
1
1
4
21
12
14
4
16
1
2
12
4
9
22
5
0
23
5
5
2
131
6
6
28
4
9
8
1
2
8
5
0
1
5
6
4
1
7
0
11
3
0
4
4
1
4
1
2
14
0
2
5
9
15
3
0
0
19
0
13
4
12
0
0
3
3
2
9
6
55
5
6
2
7
9
4
0
2
2
4
10
2
5
1
2
10
2
2
3
2
3
1
48
2
10
7
2
1
7
26
1
44
3
6
5
6
18
4
27
5
2
13
5
3
10
9
8
12
1
61
2
3
2
9
0
9
4
9
48
1
0
0
0
1
3
0
1
0
0
0
0
0
0
0
0
0
0
0
0
0
0
0
0
0
0
0
2
0
0
0
0
0
0
0
0
0
0
2
5
0
0
0
0
2
0
3
0
0
0
0
8
0
0
0
2
1
0
0
0
0
0
1
0
0
0
0
0
5
0
0
0
0
2
0
2
0
0
0
0
0
0
2
1
0
0
0
0
0
0
0
0
0
0
0
0
4
0
0
0
0
0
1
0
0
2
1
0
0
0
0
0
0
0
2
0
0
0
0
0
0
0
0
3
0
0
0
0
0
0
0
0
0
0
0
0
1
0
0
0
0
0
0
0
1
0
0
0
2
0
0
0
0
0
0
0
0
0
0
0
0
0
0
1
0
0
0
0
2
0
0
0
1
0
0
0
0
0
1
0
0
0
0
0
0
0
0
0
0
0
0
3
0
0
0
0
1
0
0
0
0
8
1
0
2
0
0
7
2
0
0
0
0
0
0
0
1
0
0
0
1
0
0
0
0
0
0
1
1
0
0
0
0
0
0
0
0
0
0
0
0
0
0
0
0
4
0
0
0
16
0
0
0
0
0
0
0
0
0
0
0
0
0
3
1
0
0
4
2
0
1
19
0
0
0
0
0
1
0
0
0
0
0
0
0
0
3
0
0
2
0
0
0
0
0
0
0
0
0
0
0
0
0
0
0
0
0
0
1
1
0
1
0
2
0
0
0
0
1
1
1
0
0
2
0
0
0
0
1
0
0
0
0
4
0
2
0
0
0
0
0
0
0
0
4
0
0
0
0
0
0
0
2
1
5
1
0
0
0
0
0
0
0
0
0
0
0
0
1
0
0
1
0
0
3
0
0
3
1
0
0
0
0
0
0
0
0
0
3
0
0
1
0
0
0
0
0
0
0
0
0
0
0
0
2
0
0
0
0
0
0
0
0
0
0
12
0
0
0
0
0
0
0
0
0
1
2
0
0
1
0
1
5
0
0
0
0
0
0
0
0
0
0
0
1
1
1
2
0
1
3
0
0
3
0
0
0
10
1
0
2
0
0
0
0
0
1
0
0
0
0
0
0
0
0
3
7
0
0
0
0
3
0
0
0
0
5
0
0
0
0
0
0
0
0
0
0
0
0
0
0
0
0
0
0
0
0
0
1
0
0
2
0
0
0
1
0
0
0
0
5
0
3
0
0
0
0
0
0
1
0
0
1
2
0
0
0
0
0
0
0
0
0
3
0
0
0
0
0
1
0
0
0
0
0
0
0
4
0
0
0
0
2
0
0
0
0
0
0
0
0
0
0
1
0
0
0
0
0
7
0
0
1
0
0
0
0
0
0
0
0
3
0
3
0
0
15
0
0
1
0
0
0
0
0
0
0
0
0
0
0
1
0
0
0
0
0
0
0
0
0
0
0
0
0
0
0
0
0
1
3
1
1
0
0
0
0
0
0
3
0
6
0
0
0
0
0
0
0
1
0
0
0
0
0
0
0
0
0
0
0
4
0
1
0
0
0
0
0
0
0
10
1
0
0
0
0
0
0
0
0
0
1
8
1
0
0
1
1
0
0
0
0
0
0
0
0
0
0
0
0
0
0
0
0
0
1
0
0
0
0
0
0
0
0
0
1
0
0
0
0
0
0
1
0
0
0
0
0
0
0
0
0
0
0
0
0
0
0
0
3
0
0
1
0
0
0
0
0
0
1
0
0
0
0
0
0
0
0
1
0
0
0
0
0
0
0
0
0
0
2
0
1
0
0
0
0
0
0
0
0
0
0
0
0
0
2
0
0
0
0
0
0
0
6
0
0
0
0
0
0
0
1
2
0
0
3
0
0
0
0
0
0
0
0
0
0
0
0
11
0
0
0
0
0
0
0
0
0
