v000003
7
0
1
7
1
1
3
1
1
0
4
0
6
5
0
1
2
1
2
3
2
0
3
0
0
1
1
0
1
2
0
1
1
3
6
0
0
3
0
14
0
0
0
1
2
2
1
0
3
2
2
3
2
2
2
1
1
2
1
1
4
2
1
2
0
2
3
2
2
0
3
3
1
0
2
1
3
0
2
1
1
2
1
0
4
4
2
0
3
1
3
2
1
4
1
1
2
3
4
1
0
2
0
0
2
1
1
0
0
2
0
3
1
5
1
1
1
0
3
0
1
3
6
0
0
0
0
1
2
0
4
3
5
1
5
2
0
6
1
1
2
3
2
2
1
4
2
4
2
1
3
0
4
1
0
1
0
1
1
0
0
0
4
2
1
3
1
0
1
4
3
2
5
0
2
2
0
1
2
5
2
4
1
2
5
2
2
7
1
1
1
4
1
2
0
2
2
3
2
3
4
1
1
2
1
3
1
0
2
1
2
3
7
1
2
1
2
2
3
1
2
0
0
1
2
2
0
2
2
3
2
1
2
3
2
2
0
5
5
0
2
1
3
3
4
1
2
4
1
0
0
1
4
4
1
3
1
2
3
4
2
3
1
2
4
5
1
1
1
3
3
2
3
1
0
1
5
1
0
2
0
1
1
0
1
2
0
1
1
2
3
2
1
0
1
0
0
2
2
1
1
2
1
2
2
1
6
2
0
2
1
2
3
1
3
0
2
1
1
0
2
2
3
0
1
1
2
0
1
0
3
1
1
1
5
4
2
1
1
3
2
0
0
2
1
2
3
3
0
0
1
1
1
0
0
2
0
3
5
0
1
1
3
2
1
3
0
1
1
1
1
3
3
2
6
0
2
0
1
1
1
1
1
2
2
0
1
0
0
1
2
2
1
4
0
3
4
3
0
1
3
1
0
1
2
1
2
1
3
1
3
1
3
6
3
3
1
3
0
0
1
4
1
2
0
4
0
2
0
0
2
0
1
4
1
0
6
0
3
1
1
8
2
0
0
2
3
0
1
1
3
3
0
0
6
3
6
1
5
0
2
1
1
5
3
1
0
3
2
1
3
2
4
0
0
2
0
0
3
1
5
1
0
6
0
0
2
0
4
2
2
0
2
0
4
0
4
2
2
0
0
2
2
1
6
1
0
0
2
2
1
2
0
0
0
2
4
2
3
3
7
3
3
3
1
0
3
3
1
4
1
2
3
2
1
1
0
1
0
0
1
3
1
2
6
2
5
3
0
4
2
2
0
3
1
0
2
3
2
2
2
1
2
3
5
7
1
0
3
0
2
4
0
0
4
0
2
1
0
3
5
4
4
2
1
0
0
4
1
0
9
2
3
1
5
1
3
1
3
4
3
3
1
1
5
1
1
1
2
0
5
3
2
0
1
0
2
3
3
2
3
2
1
7
3
4
2
6
0
0
0
6
6
0
0
3
2
0
5
5
2
4
4
0
2
5
1
3
1
1
0
2
2
0
0
3
1
3
2
2
0
2
1
0
1
0
1
2
7
1
2
1
2
0
3
1
1
3
0
1
1
0
2
3
0
2
2
4
2
1
2
0
4
1
1
0
4
2
0
2
0
1
1
5
1
4
0
1
3
0
1
0
2
0
7
0
5
5
0
4
2
1
0
0
3
2
0
0
74
71
59
42
51
50
53
53
51
62
49
31
51
36
51
60
30
7
43
56
38
32
47
44
43
35
45
31
44
42
7
29
35
31
41
33
33
37
69
32
40
37
29
30
37
41
46
22
31
57
33
27
64
27
60
43
43
40
47
46
13
17
90
70
37
89
39
27
48
97
25
36
58
39
42
30
48
32
57
38
27
55
32
30
58
17
32
45
32
56
44
32
13
47
32
20
37
31
40
41
40
35
66
29
68
60
63
51
20
26
72
27
30
50
36
35
26
28
36
38
48
48
42
65
35
37
38
35
75
42
40
45
36
32
45
21
46
87
81
24
46
29
56
28
49
31
29
52
40
30
26
56
56
49
32
38
53
56
46
39
45
25
39
56
45
60
9
50
27
38
38
38
53
29
25
35
46
44
46
38
12
32
35
32
37
43
32
24
32
23
38
64
39
29
28
48
22
87
39
43
10
37
50
48
62
60
35
46
35
46
52
34
37
42
35
32
66
53
40
34
37
39
46
51
24
69
47
54
56
48
55
37
59
52
34
56
28
27
59
24
51
62
37
63
31
55
36
49
36
38
42
58
59
21
3
0
1
3
2
3
9
6
1
2
9
1
0
2
3
0
0
0
1
1
9
9
5
0
2
1
7
4
3
2
3
0
2
2
8
11
11
7
1
2
0
4
0
1
8
4
1
1
2
0
68
1
0
3
0
1
0
2
0
0
6
2
3
3
1
1
1
1
7
3
6
0
2
1
0
3
0
2
2
2
2
5
5
1
2
0
0
3
4
1
7
1
5
6
1
4
2
0
4
1
2
1
0
5
13
1
1
0
2
0
3
1
2
0
2
1
0
3
9
1
0
3
1
2
0
0
4
5
1
1
1
0
1
6
0
3
10
0
3
3
5
0
1
1
1
8
1
2
1
0
5
1
1
1
0
0
0
4
1
0
1
2
1
0
4
2
0
3
1
1
0
2
2
6
2
1
0
9
6
2
3
3
10
0
4
5
2
2
2
1
3
3
5
5
1
5
0
1
3
1
2
2
1
1
1
0
2
0
3
1
3
4
2
0
2
13
3
0
0
14
4
0
2
7
1
1
2
10
3
7
0
1
0
10
1
1
2
0
0
2
0
2
1
1
2
1
2
3
42
1
4
3
0
2
2
4
7
6
1
7
1
0
5
1
1
1
3
7
0
3
8
11
1
1
0
2
1
2
0
2
3
1
2
0
1
3
2
4
3
1
3
0
3
0
0
2
11
1
0
0
3
0
1
4
1
2
0
3
1
7
1
1
4
1
1
0
9
3
2
1
2
1
1
2
0
5
0
7
4
4
2
3
10
2
1
2
6
3
1
1
10
8
9
8
0
0
6
2
1
4
1
2
2
1
2
4
1
0
9
5
1
1
2
0
3
0
0
2
2
1
1
2
0
1
0
1
1
3
0
3
9
1
3
1
7
1
1
6
3
9
2
3
2
1
1
0
2
3
2
1
0
4
0
4
10
2
3
2
1
6
1
2
4
1
3
1
3
4
2
2
1
2
4
6
2
3
2
5
14
3
0
17
4
5
0
4
1
4
3
1
11
0
6
2
0
3
4
0
4
2
0
6
4
3
4
0
1
1
1
1
2
0
1
1
1
7
8
4
0
0
6
5
1
3
9
8
8
0
4
1
3
0
5
3
0
0
1
1
0
1
16
1
1
2
0
4
2
1
3
0
1
4
0
5
2
1
1
4
4
2
1
2
0
0
2
1
1
2
0
4
1
0
0
6
1
4
5
0
2
0
8
1
4
0
2
2
1
3
3
2
1
0
0
4
5
0
1
0
2
1
2
0
2
6
1
0
2
0
10
9
3
10
9
1
0
0
1
0
4
3
2
2
2
0
1
4
2
3
3
1
0
0
0
2
1
2
1
2
0
1
6
4
5
0
4
3
9
2
9
1
0
3
5
1
0
0
1
2
6
4
2
2
0
0
3
0
1
0
2
6
6
4
1
4
1
0
2
3
2
2
1
0
3
1
1
0
0
1
4
1
23
7
0
6
4
3
3
4
2
4
0
5
0
1
1
2
0
0
2
6
3
3
16
0
1
0
0
0
3
2
4
6
7
0
0
1
1
0
0
0
9
3
6
3
1
0
3
2
2
0
1
3
4
3
0
2
0
0
0
0
1
1
1
3
0
1
1
0
0
0
3
1
0
1
0
1
0
0
0
0
1
2
0
1
0
1
1
0
1
0
0
1
4
4
2
1
0
0
1
1
2
2
3
0
1
0
1
1
1
0
1
1
0
0
2
1
2
2
0
0
0
0
0
0
0
2
1
1
1
6
3
1
5
2
0
0
1
0
1
0
2
0
2
0
2
0
3
1
1
1
1
0
0
2
0
0
1
0
3
0
0
2
1
0
0
0
0
0
0
0
5
0
2
1
2
1
0
2
1
1
4
1
1
1
1
2
2
0
