v000066
1
0
0
4
0
0
0
0
0
0
1
0
2
0
0
2
0
0
0
0
0
1
1
0
0
2
0
1
0
1
0
0
0
0
0
0
0
1
0
1
0
0
0
0
1
5
1
0
1
0
0
0
0
0
0
0
0
0
1
0
0
0
0
0
0
0
0
2
0
0
0
1
0
1
0
1
0
0
0
2
0
0
0
0
0
0
0
0
0
0
0
0
0
0
0
3
1
0
0
0
1
1
0
0
0
1
0
1
0
0
0
0
0
1
0
0
0
0
0
0
0
0
0
0
0
0
2
0
0
0
3
0
0
0
0
0
0
2
0
1
0
0
1
0
0
0
1
1
2
0
0
0
0
0
0
0
0
0
0
1
0
0
0
0
0
0
3
0
0
0
0
0
0
1
0
0
0
1
0
0
0
0
0
0
0
0
0
0
0
0
0
0
0
0
1
0
1
0
0
0
1
0
0
0
0
1
0
1
0
0
0
0
0
1
0
0
0
0
0
0
0
0
0
0
0
0
0
0
0
0
0
2
0
0
0
0
0
0
0
0
1
0
0
0
0
0
0
0
1
1
0
1
0
0
0
0
0
0
0
0
1
0
0
0
2
0
0
0
0
0
1
0
0
0
0
1
1
0
0
0
0
0
1
1
0
0
0
0
1
1
0
0
0
0
0
0
0
2
0
0
0
0
0
0
0
0
0
0
0
0
0
5
0
0
0
0
0
0
1
0
0
0
7
0
0
0
0
0
0
0
1
0
0
0
1
1
0
0
0
0
3
0
0
0
0
0
0
0
0
0
0
2
0
0
0
4
0
2
1
0
0
0
0
0
1
0
1
0
0
0
0
0
0
0
0
0
0
0
0
0
0
0
0
0
0
0
2
0
0
0
0
1
0
0
0
0
1
0
0
0
0
0
0
0
0
1
0
0
0
0
1
0
0
0
2
1
0
0
0
0
0
1
0
0
0
0
0
1
0
0
2
0
0
0
0
0
0
0
0
1
8
1
0
0
0
0
0
0
0
0
0
0
1
0
0
0
0
0
0
1
3
0
0
0
0
0
0
1
0
0
0
0
0
0
0
2
0
0
0
0
0
2
0
0
1
0
1
0
0
0
0
1
0
0
0
0
2
0
0
0
0
0
0
0
0
0
0
3
4
0
2
0
0
0
0
1
0
0
0
0
0
0
0
0
0
0
0
1
1
0
0
0
0
0
0
0
0
0
1
0
0
0
1
1
0
0
0
0
0
0
0
0
0
0
0
0
0
3
0
0
0
0
0
2
0
0
0
0
0
0
0
0
0
0
0
0
0
1
0
0
0
2
0
0
0
0
0
0
0
0
0
0
2
3
0
0
0
0
0
0
0
0
0
0
0
0
0
0
0
0
0
0
0
0
0
0
0
0
1
0
0
1
0
0
0
0
0
0
0
1
0
0
0
0
0
0
0
0
0
1
1
0
0
0
0
0
0
0
1
0
0
0
0
0
0
0
0
0
0
0
0
0
0
1
0
0
0
0
0
0
0
0
0
0
0
0
0
1
0
1
0
0
0
1
2
0
0
0
0
8
1
0
0
2
1
0
0
0
1
0
0
0
0
0
0
0
0
0
0
0
0
0
1
0
2
0
0
0
1
0
0
1
0
1
0
0
0
0
29
49
97
7
22
14
27
9
11
10
13
10
6
12
8
2
11
0
3
10
4
2
20
9
1
11
28
1
7
1
3
2
4
4
19
3
4
2
13
4
2
3
10
4
2
2
2
1
3
8
9
10
3
3
2
8
0
26
8
11
9
6
13
8
66
8
1
2
3
4
5
22
6
1
1
5
14
2
5
17
21
10
22
1
3
4
9
15
5
18
11
12
2
6
2
2
2
9
1
3
27
13
11
5
26
2
3
7
2
1
9
6
6
6
3
3
8
1
1
10
7
4
6
3
5
7
7
8
14
7
11
12
7
9
24
2
16
29
11
1
4
2
8
0
28
0
4
8
4
5
1
0
4
7
8
1
8
12
13
5
0
2
7
31
6
2
28
27
7
1
6
17
13
6
2
11
14
20
8
1
0
4
1
2
3
16
11
0
0
2
4
7
13
5
5
2
15
4
7
7
1
5
4
14
28
9
2
4
0
4
33
12
2
18
3
0
6
4
5
3
25
12
6
4
3
14
16
9
11
9
4
8
0
8
13
1
2
6
14
3
14
0
3
4
7
0
0
15
2
4
12
2
48
5
0
0
0
1
3
0
0
0
1
0
0
0
0
0
0
0
0
0
0
0
0
0
0
0
0
0
0
0
1
0
1
0
0
0
1
0
0
0
7
0
0
0
0
0
0
0
0
0
1
0
2
0
0
0
0
0
0
0
0
0
0
0
0
0
0
0
0
0
0
0
0
0
1
0
1
0
0
0
0
0
0
3
0
0
0
0
0
0
2
1
0
0
3
0
0
4
1
0
0
0
0
2
2
0
2
0
0
0
0
0
0
0
0
0
0
0
0
0
0
0
0
0
0
0
0
0
0
0
0
0
0
0
0
0
0
0
0
0
0
0
0
0
0
0
0
0
0
0
0
4
0
0
0
0
0
0
0
0
1
0
0
0
0
0
0
0
0
0
0
0
0
1
0
0
0
0
0
0
0
0
0
0
0
0
0
0
0
1
0
0
0
0
0
0
0
1
0
0
0
0
0
0
0
0
0
0
3
0
0
0
0
1
0
0
0
2
0
0
0
1
2
0
0
0
0
0
2
0
0
1
0
0
0
1
0
0
0
0
0
1
0
2
0
0
3
0
0
0
9
0
2
0
0
0
0
0
0
0
0
0
1
0
0
0
0
0
0
0
0
0
2
0
0
1
0
0
0
0
0
0
0
0
0
0
0
0
0
2
0
0
1
0
0
0
0
0
0
1
0
0
0
0
0
0
0
0
0
0
0
0
0
0
0
0
2
0
1
2
0
0
0
0
2
0
0
0
0
0
0
0
0
2
1
0
0
0
0
0
0
0
2
1
0
1
0
0
1
0
0
0
0
0
0
0
1
0
0
0
0
0
0
0
0
1
0
1
1
0
0
0
0
0
0
0
0
0
0
0
0
0
1
0
1
0
0
0
0
1
0
0
0
3
0
0
0
0
0
0
0
0
0
0
0
2
0
0
1
0
0
0
3
1
0
0
0
0
1
0
0
0
0
0
0
0
0
1
0
0
0
0
0
19
0
0
0
0
0
0
0
0
0
0
0
0
0
0
0
0
0
0
0
0
2
1
1
0
0
0
0
0
0
0
0
0
0
0
0
2
0
0
0
5
0
0
1
1
0
1
0
0
0
0
0
0
0
0
1
0
0
0
0
0
0
0
0
0
0
0
0
1
0
0
0
1
0
0
0
0
0
0
0
0
0
0
0
0
0
0
0
4
0
0
0
0
0
0
0
0
0
1
2
2
0
0
0
0
0
0
0
0
0
0
0
0
0
0
0
0
0
0
0
1
0
0
0
0
7
1
1
0
0
1
0
0
0
0
2
0
0
0
0
0
0
0
0
0
0
0
1
0
0
1
1
0
0
0
0
0
0
0
0
0
2
2
0
0
0
0
1
0
0
0
0
1
0
5
0
0
0
1
0
0
1
0
0
0
0
0
0
0
0
0
1
3
0
0
0
3
0
2
0
0
0
0
0
0
0
0
1
0
1
0
0
0
0
0
0
0
0
0
0
0
0
0
0
0
0
0
0
0
0
2
1
0
0
0
0
0
0
0
0
1
0
0
0
0
0
0
2
0
1
1
0
0
1
0
0
0
0
0
0
0
1
0
2
0
0
0
0
0
0
0
0
0
0
4
0
0
0
0
0
0
1
0
0
0
0
0
0
0
0
0
0
0
0
0
0
5
0
0
0
0
0
0
0
0
0
0
0
1
0
0
0
0
0
0
0
0
0
0
0
0
0
0
0
0
0
0
0
0
0
0
0
0
0
1
0
0
0
0
0
0
0
0
0
0
0
0
0
0
0
0
0
0
0
0
0
2
0
0
0
0
0
0
0
0
0
0
0
0
0
0
1
0
0
0
0
0
1
0
1
0
0
0
0
0
0
0
0
0
0
0
0
0
0
0
0
0
