v000028
4
1
1
2
2
0
0
0
1
1
0
12
0
0
0
1
0
0
0
0
0
0
1
0
0
2
0
0
0
0
0
0
0
1
3
0
0
0
0
2
0
0
0
1
0
0
8
0
1
0
0
0
0
1
1
0
0
1
1
0
5
3
0
0
0
0
0
0
0
0
1
1
0
0
0
0
0
0
3
1
0
0
0
1
0
0
0
0
1
0
5
0
0
1
1
0
8
2
0
0
0
2
1
1
1
1
0
1
0
0
1
0
0
0
1
1
0
0
0
1
0
1
0
0
0
2
0
3
6
1
0
0
0
2
3
0
5
2
0
1
0
2
0
0
0
0
0
4
0
0
0
0
0
0
2
0
0
0
1
1
1
0
0
0
0
5
0
1
0
0
0
0
0
0
0
0
1
0
0
7
0
0
0
0
1
0
0
0
1
0
0
2
0
0
0
0
3
0
0
0
0
0
0
4
0
0
0
0
0
1
0
0
0
0
0
0
1
3
0
1
0
0
0
0
1
0
0
0
0
0
0
0
0
5
3
0
0
0
0
0
0
0
1
0
1
0
0
0
0
0
1
0
0
0
0
0
0
11
1
0
1
0
0
0
0
0
0
0
1
0
0
0
0
0
0
0
0
0
1
0
0
1
0
0
2
1
0
0
0
0
1
0
0
0
0
0
0
1
0
0
0
2
1
0
0
0
0
1
1
1
0
0
0
0
1
0
0
0
0
0
1
7
0
0
0
0
1
0
0
0
0
0
0
0
0
2
0
1
0
1
3
0
0
0
0
0
0
0
0
0
2
0
0
0
0
0
0
2
0
1
1
1
1
0
1
0
2
0
0
0
0
3
8
0
0
0
0
0
1
0
0
0
0
11
0
0
2
1
1
1
2
0
1
5
0
1
0
0
1
0
0
1
0
0
12
1
0
0
0
0
3
0
0
0
0
1
0
0
0
0
1
0
0
0
0
0
1
1
0
0
1
0
0
3
0
0
4
1
3
0
0
8
9
0
0
0
0
0
0
2
0
0
0
0
0
0
0
0
2
0
1
0
1
0
0
1
0
0
1
0
0
0
0
0
0
1
0
2
0
0
0
0
0
21
1
0
0
0
0
0
0
1
0
0
0
0
0
1
2
0
2
0
0
3
0
0
0
0
8
0
0
6
1
0
0
2
0
0
1
0
1
0
0
0
0
0
0
0
0
0
0
0
0
2
0
0
0
2
0
0
0
0
1
0
0
4
0
0
0
1
0
1
0
0
0
1
0
1
0
0
0
0
0
1
0
2
0
0
0
0
0
3
0
0
1
5
1
0
0
1
0
1
0
0
0
0
0
0
0
0
0
2
1
0
0
0
0
0
1
0
0
0
1
0
0
2
0
3
0
0
0
1
0
0
13
1
0
0
1
0
1
0
1
2
0
0
0
0
0
0
0
1
0
0
0
0
0
0
1
1
0
1
0
0
0
14
0
0
0
0
0
3
9
1
0
1
0
0
1
1
1
1
0
0
0
0
0
0
1
0
1
0
0
0
0
0
1
3
0
7
4
0
5
5
0
0
0
0
0
0
4
1
0
0
0
2
0
0
1
2
0
0
0
2
3
0
0
0
3
0
0
4
0
0
2
0
0
0
0
0
0
0
0
0
1
2
0
0
22
24
17
19
21
21
24
11
13
7
15
5
25
26
25
9
15
0
4
5
25
36
13
14
20
8
16
7
38
6
4
4
0
17
7
32
9
6
37
9
22
14
15
26
6
11
28
7
4
8
16
17
12
25
11
14
41
11
18
12
7
17
7
25
8
26
8
24
12
2
10
27
14
34
33
8
7
5
49
21
10
14
6
18
11
49
3
14
9
82
10
15
1
31
12
5
12
13
13
15
6
27
19
4
19
18
24
9
7
10
17
6
13
11
10
25
8
20
69
10
61
27
1
51
15
11
6
5
6
9
7
8
16
4
10
11
6
25
23
24
26
11
7
15
18
8
5
22
12
6
12
19
17
5
14
68
17
9
40
17
6
6
15
10
6
23
0
24
13
7
55
12
10
9
6
6
8
17
44
8
3
48
16
6
8
16
8
2
4
8
12
22
4
10
8
17
7
58
24
7
1
29
28
20
45
6
21
8
10
25
15
11
2
14
12
6
9
23
9
13
9
49
11
37
11
9
7
40
8
19
9
11
61
18
7
20
6
6
31
2
6
27
3
30
10
7
9
8
54
21
24
28
17
9
0
0
0
2
0
1
1
0
1
0
0
0
0
1
0
1
0
1
0
2
4
13
0
0
0
0
0
0
0
1
1
0
1
0
2
0
0
2
1
0
0
0
0
0
2
0
0
1
0
3
14
0
0
0
0
1
0
0
0
0
2
0
0
1
0
0
0
0
2
0
0
0
4
1
1
0
0
0
0
0
0
3
1
0
1
0
0
0
2
0
5
0
4
0
0
1
0
0
1
1
0
0
0
0
12
0
0
0
0
1
2
0
0
0
0
0
0
0
1
1
0
0
1
0
2
0
0
0
0
0
3
0
1
0
0
0
1
0
0
0
3
2
0
0
2
0
2
0
1
0
0
0
0
0
0
1
0
0
1
0
0
0
0
0
0
0
0
0
0
0
0
0
1
1
1
0
0
4
0
1
0
0
1
0
1
1
0
0
1
0
1
1
0
5
0
0
0
2
0
0
0
2
0
0
0
1
1
0
3
0
0
0
2
0
1
5
0
0
0
5
0
0
1
0
0
0
0
0
0
1
0
0
0
6
1
0
0
0
0
0
0
0
0
0
0
0
0
0
18
0
0
0
0
1
0
1
0
0
1
0
0
0
1
0
1
0
0
1
0
2
0
5
0
0
0
0
1
0
0
0
1
1
1
1
0
0
0
0
1
0
1
0
1
0
0
0
0
0
2
0
0
1
0
0
0
1
0
0
0
0
0
0
4
0
1
1
15
1
0
0
1
0
0
0
0
0
0
1
1
0
0
0
6
2
1
0
1
0
0
1
3
0
1
3
0
0
2
0
0
0
0
1
0
0
0
0
1
0
1
0
0
1
0
0
1
0
0
0
0
0
0
0
0
0
0
0
0
0
1
3
1
1
0
0
0
0
0
1
0
2
0
0
0
1
1
1
0
0
0
0
0
0
0
0
2
0
0
0
0
0
0
0
0
0
0
0
0
0
1
0
1
0
1
0
0
0
0
1
1
1
0
11
0
1
0
0
0
0
0
0
7
0
0
0
0
1
0
0
0
0
0
0
0
0
0
0
0
2
3
0
0
0
1
0
0
2
0
0
0
1
1
0
0
0
2
0
1
0
2
2
4
1
0
2
0
0
0
0
0
0
1
0
0
1
0
0
2
0
0
0
1
0
0
1
0
0
0
0
1
0
0
0
0
0
0
0
1
1
0
1
0
4
0
0
0
0
0
0
0
0
3
0
1
0
0
0
0
0
0
0
0
0
0
1
0
0
0
0
0
0
3
0
0
3
0
0
1
0
3
0
0
12
1
1
0
0
0
0
0
0
0
0
0
0
0
0
0
0
6
0
0
0
0
0
1
0
0
0
0
0
0
2
1
0
0
0
1
0
0
0
0
0
0
2
0
0
1
0
0
0
2
0
0
0
0
0
0
0
0
0
0
0
0
0
0
0
4
0
0
0
0
0
0
0
0
0
0
0
0
0
7
1
0
0
1
0
0
0
0
1
0
0
0
0
0
0
0
1
0
0
0
0
2
0
0
0
0
0
0
0
4
2
1
0
0
0
0
2
0
0
1
1
0
0
0
0
0
0
1
1
0
0
0
0
0
0
0
1
0
1
0
3
0
1
0
0
0
3
2
0
1
0
0
0
0
0
0
0
0
0
1
0
1
0
0
1
0
0
1
0
0
0
4
1
0
0
0
0
0
0
0
0
0
0
1
1
0
0
0
0
0
1
0
0
0
0
0
0
0
0
0
1
0
0
0
0
0
0
1
2
0
0
1
0
0
0
0
0
0
1
0
0
0
0
0
0
0
0
4
0
0
0
0
0
0
0
1
0
1
2
1
0
1
0
0
0
0
0
0
0
2
0
0
0
1
0
0
1
0
0
4
3
0
0
0
0
0
0
