v000006
15
1
5
9
1
0
1
4
0
2
0
0
0
0
2
0
0
1
1
0
0
0
2
0
3
0
0
1
0
0
0
0
1
0
1
0
1
0
1
6
2
0
2
2
1
0
4
3
1
1
2
0
0
7
3
1
0
1
2
3
5
4
0
2
3
0
0
2
0
3
1
3
0
8
1
2
0
0
1
0
2
2
0
0
0
0
0
0
0
0
2
0
0
0
0
2
4
0
1
1
0
5
1
0
0
2
3
3
0
4
0
0
0
1
0
0
1
0
1
1
1
2
1
0
0
0
0
0
2
0
0
0
4
1
0
4
3
3
5
3
0
0
0
3
0
0
0
0
1
1
0
2
3
0
1
0
2
0
0
5
0
0
0
1
1
2
0
1
1
1
1
0
0
1
2
2
4
2
2
2
0
1
0
0
1
1
2
1
1
0
2
0
2
1
0
2
2
1
1
0
3
0
2
2
2
0
1
1
3
4
0
3
0
3
2
0
1
3
3
1
0
1
0
1
3
0
0
0
1
0
1
0
0
0
4
3
1
3
0
2
1
2
2
1
1
0
4
1
0
0
0
0
0
2
2
2
2
0
0
2
2
1
1
1
0
0
0
0
0
0
1
0
3
0
0
1
0
5
0
3
0
0
2
0
0
0
1
0
2
0
2
0
1
0
0
0
0
1
2
2
0
3
0
0
0
1
1
0
0
0
0
2
2
2
0
0
1
1
0
1
0
1
1
1
1
0
0
0
1
0
5
1
0
0
1
3
2
0
0
2
3
0
0
0
2
2
0
0
1
0
0
1
0
1
0
0
0
4
2
0
1
0
1
1
1
3
0
5
2
1
0
0
1
1
1
0
0
1
2
4
0
1
1
2
1
2
3
1
0
2
6
0
0
5
7
10
0
0
1
2
0
0
0
3
0
0
0
0
0
0
3
1
1
0
3
0
1
1
2
3
0
1
1
1
1
2
0
0
0
3
0
0
1
1
0
2
1
0
1
2
0
3
0
1
1
1
2
0
0
0
2
0
2
0
1
0
5
2
2
3
3
1
0
7
0
0
1
1
1
0
0
1
1
0
0
0
0
0
0
2
0
11
2
1
2
0
0
0
1
0
0
0
0
0
4
1
0
0
4
0
0
0
1
0
4
0
1
1
1
0
0
2
3
1
0
2
2
1
1
3
2
0
1
1
1
0
1
1
3
0
0
2
1
3
1
0
0
2
3
0
0
0
1
0
3
0
2
0
1
1
2
1
3
2
1
0
0
3
0
0
0
1
0
2
2
3
0
1
0
4
0
0
0
3
0
0
1
5
1
3
3
6
3
1
0
1
0
0
0
0
0
5
3
1
2
1
0
3
1
3
3
3
1
0
1
0
0
2
0
3
0
2
2
0
6
2
2
0
1
0
0
0
6
3
3
1
2
1
0
1
3
1
0
0
2
0
0
1
1
0
0
25
1
0
2
0
2
4
1
2
0
0
1
1
1
0
0
1
0
2
0
0
1
0
1
1
1
2
0
15
1
1
1
0
0
0
1
4
2
1
2
0
0
1
2
0
3
1
4
0
2
0
2
0
0
0
0
0
0
1
1
1
0
0
2
0
2
1
3
1
1
0
0
0
1
1
3
3
0
1
2
0
1
0
0
0
2
1
51
36
76
22
15
44
43
50
31
57
47
32
61
43
72
19
21
2
26
29
21
22
46
48
23
31
36
53
54
34
9
48
42
37
37
24
61
26
90
35
31
31
42
21
57
21
29
18
13
37
55
33
52
75
40
60
26
28
31
31
18
42
62
50
27
57
54
10
15
15
31
32
59
27
47
30
25
47
64
32
49
56
70
21
39
17
28
31
45
65
34
27
8
56
29
16
16
27
30
53
33
32
39
21
69
41
74
25
42
27
16
48
32
42
51
15
47
42
29
27
42
45
25
37
61
82
60
29
38
41
13
93
56
34
60
15
39
74
59
24
44
14
40
17
75
21
35
58
33
24
36
12
32
34
46
33
48
67
57
47
14
40
21
49
41
27
10
43
21
26
25
19
51
36
28
44
31
25
43
26
17
63
20
40
23
34
31
22
21
46
34
62
70
28
37
35
28
51
30
38
9
26
71
111
66
35
51
44
18
44
51
59
34
29
34
71
36
56
18
60
69
28
24
68
18
33
52
36
37
58
37
23
43
30
16
50
17
33
64
14
23
63
24
45
15
32
46
52
46
70
17
47
54
24
11
1
2
2
2
4
20
0
0
1
3
0
2
1
5
2
1
2
0
2
16
17
10
0
0
2
4
2
3
0
3
2
6
2
9
16
6
5
4
0
1
1
4
1
5
0
0
2
3
1
73
1
0
0
3
1
1
1
1
0
8
2
1
0
1
0
2
2
10
4
1
0
2
3
2
1
5
3
0
4
2
2
3
2
2
0
2
1
1
1
1
2
14
1
1
4
0
0
5
1
5
2
3
0
60
3
2
1
2
2
2
3
2
4
0
1
0
2
7
3
1
0
0
1
0
0
2
7
2
0
8
1
2
1
3
2
5
2
2
2
3
0
0
1
5
5
1
6
0
2
3
4
1
1
1
0
0
0
2
2
1
1
0
2
8
0
1
1
4
2
2
1
0
9
2
1
7
6
8
0
3
10
3
0
2
9
3
1
0
0
1
2
3
5
6
0
1
0
1
3
4
0
2
1
2
3
3
6
0
0
2
9
1
1
2
8
3
0
0
12
2
1
5
1
0
2
2
10
1
2
0
2
5
11
0
1
2
2
0
2
1
1
1
0
0
1
0
1
35
3
5
2
0
4
2
3
0
13
2
0
0
2
5
3
2
3
2
1
1
5
15
10
0
12
0
1
1
4
1
1
0
4
2
1
0
1
3
5
1
1
0
2
1
0
0
9
5
2
2
5
2
3
0
4
0
7
1
5
1
1
13
4
2
0
8
0
22
0
0
0
5
0
3
1
1
2
1
6
3
4
1
0
12
7
1
2
4
10
4
2
29
27
6
1
2
3
5
2
1
3
1
4
1
0
1
4
9
1
10
5
0
1
0
0
2
1
3
0
5
2
9
2
0
5
0
0
0
1
5
5
1
1
3
1
3
4
0
1
2
16
2
4
0
1
3
0
1
6
1
5
0
4
1
2
15
1
2
2
4
3
0
1
1
1
6
0
3
6
13
4
9
5
5
0
2
0
1
0
9
3
1
13
1
1
1
2
3
0
0
0
11
0
1
10
1
5
2
1
2
0
4
1
2
2
1
0
2
1
2
2
2
1
1
0
1
2
5
2
3
4
1
0
2
1
8
0
4
5
2
1
3
2
1
3
0
4
5
0
0
1
17
1
0
0
2
0
1
0
11
0
3
2
0
0
5
4
1
8
1
1
0
0
0
0
2
1
0
4
0
27
2
5
0
2
4
1
8
1
7
2
12
0
2
0
4
0
3
3
1
3
0
0
10
7
1
0
5
1
4
4
3
0
0
0
3
1
1
0
13
2
13
8
5
0
0
0
2
0
2
3
2
3
0
0
1
0
3
1
7
1
1
0
2
0
4
1
1
3
2
1
9
1
4
5
0
1
10
1
1
1
5
2
4
3
2
1
2
0
7
0
5
0
0
0
2
0
1
3
1
0
3
0
7
0
2
0
2
0
5
5
0
0
3
0
3
0
3
2
2
0
32
2
1
1
2
7
1
0
6
1
0
5
1
2
3
10
1
0
0
3
6
0
15
2
4
0
0
0
7
0
11
13
0
1
2
6
3
0
3
0
23
0
2
1
2
4
0
0
0
1
1
8
2
0
0
0
0
0
4
1
4
0
2
1
0
0
0
0
0
0
0
0
0
1
0
0
1
0
0
0
0
0
0
0
0
0
2
1
1
1
0
0
4
2
3
1
0
0
1
1
2
0
1
2
0
1
0
0
0
1
0
0
1
0
1
0
0
0
0
1
1
2
0
0
4
2
0
1
1
0
2
3
4
1
1
1
0
2
0
1
0
0
0
0
2
0
1
0
1
1
0
0
0
0
0
1
0
0
0
0
0
1
0
0
2
0
1
0
1
1
1
0
0
0
2
2
2
0
1
0
4
0
0
0
0
2
1
2
