v000024
2
2
1
9
0
1
0
0
0
0
0
0
0
0
0
0
0
6
0
1
0
1
0
0
0
0
0
1
0
0
6
0
0
0
0
0
0
0
1
0
0
0
1
0
0
0
1
0
0
0
0
0
0
2
0
3
0
0
0
0
0
1
0
0
0
0
0
0
0
0
0
1
0
0
0
1
0
0
0
0
0
0
0
0
0
1
1
0
0
0
0
0
0
0
0
0
0
0
0
5
1
0
2
0
0
0
0
1
0
0
0
0
0
0
0
1
0
0
0
0
4
0
0
1
3
0
2
1
0
1
0
0
0
0
0
0
0
0
0
0
0
0
0
0
0
0
0
0
0
0
0
1
2
0
4
0
1
0
0
1
0
0
1
0
0
0
0
0
0
0
1
0
0
0
4
0
1
1
0
0
3
0
0
1
11
0
2
0
0
0
0
1
0
1
0
0
0
7
0
0
0
0
0
0
0
1
5
0
0
2
0
0
0
0
3
1
0
0
0
0
1
1
0
0
0
0
3
0
0
1
0
6
0
0
0
0
0
1
0
0
0
1
0
6
2
0
0
1
0
8
2
0
0
1
0
1
1
0
1
0
0
1
0
0
0
0
0
0
0
1
1
6
0
2
1
2
0
0
0
0
0
0
0
0
0
0
0
0
0
2
0
0
0
0
0
0
0
0
0
0
0
0
0
0
0
1
0
0
0
0
0
1
0
0
0
0
0
3
2
0
3
2
2
0
0
0
0
1
0
2
0
0
0
0
1
3
0
0
0
1
3
0
0
0
0
0
2
4
0
0
0
0
2
0
1
1
2
0
1
1
0
0
0
0
0
0
0
0
0
0
0
0
0
0
0
1
0
1
0
0
0
0
0
0
0
2
0
0
0
0
0
1
0
0
0
0
0
1
0
1
0
0
0
0
1
0
0
1
0
5
0
0
0
0
0
0
0
0
7
0
1
0
0
0
0
0
0
1
1
0
0
0
0
4
0
1
0
0
0
0
0
1
1
0
0
0
0
0
1
0
1
0
0
0
0
0
0
0
0
0
0
0
0
1
0
0
0
2
0
0
0
1
0
0
0
1
0
0
0
0
0
0
2
0
0
0
0
0
0
0
1
1
0
1
0
0
0
0
0
0
0
5
0
0
1
0
0
0
0
0
0
0
3
0
0
0
0
0
1
1
0
1
1
1
0
2
1
1
0
0
8
0
1
0
0
0
0
0
1
0
0
0
0
2
2
0
0
0
0
0
0
0
1
0
0
0
0
0
0
0
0
0
1
0
4
1
0
0
0
0
1
0
0
14
0
0
0
1
0
0
1
0
0
0
0
3
0
0
0
0
0
1
0
0
1
0
0
0
0
0
0
1
0
1
0
0
0
0
2
3
0
3
2
0
0
0
2
0
0
1
0
0
1
0
0
0
1
2
0
0
0
0
0
0
0
10
0
0
0
0
0
0
4
0
0
0
1
0
0
0
0
0
0
0
0
1
0
0
2
4
2
0
1
0
0
0
0
0
0
0
0
0
0
0
3
0
0
2
0
0
0
0
0
0
0
5
1
1
12
1
1
0
0
0
0
1
0
0
0
0
0
0
0
0
0
0
0
0
0
0
0
0
0
0
8
4
1
0
0
0
2
0
0
0
0
0
1
6
2
22
5
10
16
11
12
13
4
5
6
19
6
7
16
7
9
1
19
14
25
2
13
13
13
6
8
10
34
16
1
4
5
24
32
4
21
11
23
3
6
14
1
0
3
13
5
0
3
5
21
11
24
88
28
20
15
6
14
7
0
9
18
25
10
36
8
3
3
22
15
0
7
8
16
8
2
24
18
14
11
3
6
6
6
6
20
13
18
2
23
16
2
13
7
2
6
8
10
4
9
9
19
1
26
10
25
31
1
6
16
28
0
14
21
7
32
8
1
7
13
10
21
7
5
12
12
28
15
16
9
18
21
22
22
4
13
32
11
20
21
12
27
0
29
5
2
22
19
4
5
4
20
9
17
25
15
4
21
16
2
23
29
18
17
20
2
12
5
3
6
9
36
6
6
12
35
13
8
17
1
8
4
5
4
18
6
7
14
4
4
47
5
19
27
22
1
13
9
16
9
7
8
19
56
10
16
13
11
10
59
8
19
12
7
7
13
11
39
30
2
4
4
12
4
24
17
5
19
12
15
6
16
3
22
11
12
20
21
10
1
15
4
21
6
3
5
14
8
5
7
11
3
3
0
0
0
4
1
2
2
0
0
18
2
1
1
6
2
1
1
3
0
0
5
0
2
0
0
0
2
0
0
0
1
0
5
0
0
13
0
1
1
0
2
0
0
0
2
0
0
0
1
1
10
0
3
0
1
2
0
0
0
0
2
0
0
0
0
0
6
0
1
0
0
0
1
0
1
0
1
0
0
0
0
0
0
0
0
0
0
0
0
0
0
0
3
0
1
3
0
0
5
0
0
0
0
0
7
0
0
0
0
0
0
0
0
0
0
0
0
0
3
0
0
0
1
1
0
0
4
1
4
2
0
2
0
0
0
1
1
0
1
4
0
0
0
0
0
0
0
1
0
3
6
4
1
0
0
0
2
0
2
0
0
0
0
1
1
1
0
0
0
0
0
0
0
0
0
2
3
0
0
2
1
2
0
0
2
1
0
0
0
0
0
2
3
1
1
0
0
0
1
1
2
0
0
4
0
0
0
0
0
0
0
1
0
0
0
8
0
0
1
0
4
0
0
0
0
0
2
0
0
5
0
0
0
4
0
5
0
0
0
3
0
1
0
0
0
1
0
1
25
0
2
0
0
0
2
1
0
2
3
0
0
0
0
0
0
0
0
0
0
2
0
5
3
3
0
0
0
3
0
0
1
0
1
0
5
0
1
2
0
0
0
2
0
0
2
2
5
0
1
4
0
0
0
0
0
4
0
5
0
0
0
0
0
0
1
0
6
0
0
0
0
0
0
1
0
1
1
0
1
0
0
0
1
0
0
0
1
1
1
1
3
3
0
4
0
0
0
0
0
1
0
2
1
0
0
0
0
0
1
4
0
0
0
1
0
1
2
1
0
0
0
0
1
0
2
0
0
0
0
4
2
0
0
0
4
2
1
0
0
6
0
1
0
0
0
0
0
2
0
3
0
0
0
8
2
1
1
0
0
3
0
1
0
3
1
0
0
1
5
3
1
1
0
1
1
0
4
0
3
0
0
14
0
0
0
0
2
0
0
0
4
0
0
0
0
0
2
1
0
2
5
0
0
0
0
1
0
1
0
4
0
0
0
2
0
0
1
0
0
0
0
0
0
0
3
1
1
2
0
0
3
0
0
0
1
0
0
0
0
0
0
0
0
0
1
0
0
0
9
0
1
0
0
0
0
1
0
0
0
0
0
0
2
0
0
0
0
0
0
7
0
6
6
0
0
0
3
2
7
0
9
1
2
2
1
0
0
0
0
0
0
0
1
4
3
0
0
0
4
0
1
0
0
0
0
0
0
0
17
1
0
6
0
0
0
0
0
0
0
2
0
0
0
0
0
0
1
0
0
0
1
2
0
0
1
0
1
0
0
0
0
0
0
0
1
0
0
2
1
0
1
1
0
0
0
0
2
0
0
0
0
2
0
2
0
0
1
2
0
0
1
0
1
1
0
1
0
0
1
0
6
1
0
0
0
0
0
2
2
0
6
6
1
1
1
2
4
1
3
1
1
2
0
0
0
10
0
0
0
0
0
0
11
0
0
0
1
0
0
0
1
0
1
0
0
0
0
0
0
2
8
0
0
4
1
0
0
1
1
0
0
1
0
0
2
0
0
0
0
0
0
0
0
0
0
0
1
0
0
1
0
9
0
3
1
4
2
0
0
0
0
0
0
0
1
0
0
1
0
1
0
0
2
2
0
0
0
0
0
0
0
0
0
3
0
1
0
0
0
0
0
0
0
0
0
0
0
4
1
0
0
0
1
0
0
1
0
2
0
1
1
0
0
0
1
0
0
1
1
0
0
0
0
0
1
0
2
6
0
0
0
1
0
0
1
0
0
0
1
0
1
0
0
0
0
0
0
0
0
0
0
0
0
0
0
0
0
0
0
0
0
0
0
0
0
0
0
1
