v000020
0
1
0
0
1
1
0
0
1
0
0
6
1
2
2
0
0
0
0
1
1
0
1
0
5
0
3
1
0
1
0
0
0
1
0
1
1
2
0
1
5
0
0
0
0
0
3
0
1
1
0
0
0
0
0
4
1
1
2
0
4
2
0
0
0
1
2
1
0
0
2
3
2
2
0
1
0
0
2
0
0
0
0
0
0
0
0
0
1
0
2
0
2
3
1
0
0
1
0
1
0
1
0
7
0
0
1
0
1
0
0
0
3
2
1
0
3
0
0
1
0
1
1
0
0
0
0
1
0
0
0
2
1
1
2
0
0
3
0
0
0
0
0
2
3
0
0
0
0
0
2
0
1
2
0
3
0
1
0
0
0
1
1
0
0
3
0
6
0
0
5
0
0
1
1
0
0
2
1
3
1
0
0
0
0
3
3
1
0
0
0
1
0
0
0
5
2
0
0
2
0
0
0
6
1
0
0
1
0
0
0
0
2
2
0
0
0
0
1
0
2
0
0
0
1
0
3
0
0
0
1
0
0
2
0
5
1
5
0
2
0
0
3
1
1
0
0
4
1
0
0
0
1
1
1
0
2
0
2
2
0
0
0
0
0
0
0
4
4
1
1
0
0
0
0
0
2
0
0
1
0
2
1
0
0
0
2
2
0
0
0
1
1
1
0
0
0
1
0
0
5
0
2
0
1
1
2
2
0
0
0
0
0
0
1
2
0
0
0
0
0
1
0
0
0
0
0
0
0
0
1
0
0
8
1
0
0
0
3
2
2
2
0
1
0
0
0
0
0
2
1
6
1
1
0
0
0
0
1
0
1
1
0
0
0
2
2
0
2
1
4
3
1
0
4
0
0
1
0
1
0
0
0
3
0
0
0
0
0
3
0
0
0
1
0
2
0
0
0
0
0
0
1
1
2
0
0
0
4
0
4
0
0
2
1
1
1
1
0
0
0
1
1
0
0
2
1
0
0
0
0
2
0
0
1
0
0
0
0
1
0
2
4
0
0
0
0
1
0
0
2
0
0
0
4
0
0
0
1
2
0
0
0
0
3
0
0
1
0
2
0
0
0
0
1
3
1
1
0
0
2
2
1
2
2
0
0
1
0
0
0
0
1
0
0
0
3
0
0
0
0
0
0
0
1
0
1
0
4
0
0
4
1
0
0
2
0
0
0
0
3
1
4
0
0
0
0
0
0
4
0
0
1
0
0
0
2
0
0
1
1
0
1
1
0
0
0
0
0
1
0
3
0
0
0
0
0
0
0
5
0
0
0
2
1
0
0
0
0
1
0
0
2
0
1
0
1
0
0
0
0
0
0
2
2
0
0
2
0
0
0
2
1
0
2
0
2
0
0
0
1
4
0
1
2
0
3
2
1
0
0
1
0
0
2
0
0
0
0
0
0
2
3
0
0
0
0
0
0
2
0
6
0
0
0
0
2
0
1
0
0
0
0
0
0
0
0
0
0
0
0
0
0
0
3
0
0
0
0
2
0
0
0
1
0
2
0
0
3
0
1
1
0
1
0
1
5
0
0
2
0
0
0
3
0
2
0
0
0
0
1
7
0
0
0
3
1
0
0
0
0
1
1
1
3
0
0
1
1
1
1
1
0
0
3
0
0
0
2
0
0
0
0
0
0
0
0
0
20
25
35
21
64
18
15
28
24
13
34
19
40
68
8
11
19
0
24
16
30
16
20
19
13
15
10
13
13
12
6
12
4
7
7
13
5
10
17
8
7
29
6
10
5
15
17
13
5
28
10
13
12
6
17
10
13
19
11
14
13
15
11
36
13
15
32
15
12
4
12
27
15
40
13
9
33
5
49
9
10
14
24
16
11
19
10
18
10
41
6
10
0
19
10
11
6
15
16
2
5
18
10
18
19
14
18
10
7
12
21
19
21
3
18
43
31
6
26
10
8
7
4
25
17
3
7
9
18
36
5
17
12
17
8
7
13
21
14
3
20
15
4
7
19
22
17
27
7
19
10
20
20
11
26
11
14
66
8
5
19
26
9
14
4
27
0
15
4
9
32
15
18
58
28
8
11
31
19
27
6
3
14
8
13
17
15
24
6
22
27
8
3
3
13
15
12
22
7
20
1
16
8
38
16
64
12
16
8
11
5
15
7
28
17
11
13
27
14
32
20
47
5
12
7
11
8
10
13
18
9
20
28
12
48
17
40
8
11
6
44
21
17
26
7
26
19
18
18
21
13
5
9
8
0
0
0
4
0
0
1
0
0
0
1
3
0
0
2
0
1
0
0
2
6
3
0
0
4
0
1
0
3
1
0
0
0
1
7
0
2
0
0
0
0
0
0
0
0
0
2
1
0
0
8
1
6
0
0
4
0
0
0
0
0
0
0
0
0
0
1
0
3
0
0
0
0
2
0
7
0
0
0
0
0
1
0
0
2
0
0
0
0
0
0
0
1
1
0
0
0
0
1
0
1
0
0
0
0
0
0
0
0
0
2
0
0
0
0
0
0
1
0
1
0
3
1
0
0
0
15
0
0
0
0
2
0
0
0
0
12
0
1
0
0
0
0
0
1
0
0
0
0
0
1
0
0
0
5
0
0
2
0
0
3
1
0
0
0
1
0
0
0
0
2
0
3
2
0
0
0
0
4
0
0
0
0
0
0
3
0
0
0
0
0
0
0
0
0
1
0
1
0
1
0
1
0
0
0
0
0
0
0
1
0
0
0
1
0
9
0
0
0
2
1
0
0
1
0
0
1
0
0
1
0
1
1
43
0
0
0
0
4
0
0
0
1
0
0
0
0
1
25
0
0
2
1
1
0
0
3
0
0
0
0
0
0
0
0
0
1
0
0
1
1
0
0
0
0
2
0
0
0
0
0
1
0
1
0
3
0
0
0
0
2
0
0
0
0
1
0
0
0
2
0
0
0
1
0
1
0
0
0
0
0
0
0
0
0
2
3
0
0
0
0
0
1
0
0
0
0
1
0
0
0
0
0
0
0
0
0
0
11
1
1
3
14
2
0
0
2
0
0
0
0
0
0
0
0
0
0
1
0
1
3
21
0
0
0
0
0
0
0
0
0
0
0
0
0
1
0
0
1
0
2
1
0
0
0
0
0
0
0
0
1
1
3
4
0
1
0
0
1
0
1
6
0
1
2
0
1
1
0
0
0
0
0
0
0
0
0
0
0
0
0
0
0
0
1
0
0
5
13
3
0
4
1
9
0
0
0
2
1
0
5
0
0
0
0
0
0
0
0
0
0
2
0
0
1
0
0
0
0
0
2
0
1
1
2
0
0
0
0
5
2
0
0
5
2
3
0
0
0
0
0
2
1
0
0
0
0
0
0
0
5
0
3
0
0
0
0
2
0
0
0
1
0
0
0
0
0
0
1
0
0
0
0
0
0
0
0
1
1
0
0
0
0
0
0
0
0
0
0
0
3
0
0
0
1
0
0
1
0
0
0
0
0
2
0
0
1
0
1
0
2
1
0
3
0
0
1
0
0
0
0
0
0
0
0
0
2
0
0
0
0
0
0
0
0
0
0
0
0
0
0
0
2
0
1
0
0
0
0
0
0
1
0
0
0
0
2
0
0
0
0
0
0
0
0
0
2
1
0
0
0
0
0
2
0
0
0
2
0
0
0
0
1
0
0
0
1
0
0
0
0
0
0
0
0
0
0
0
0
0
6
1
0
0
0
0
0
0
0
1
2
0
0
0
3
0
0
0
0
0
0
2
1
0
0
1
0
0
0
1
0
0
1
0
0
0
0
1
0
0
6
0
0
0
0
0
2
1
0
0
0
0
0
2
0
1
0
0
0
0
0
0
0
1
0
0
0
0
1
0
0
0
0
0
0
0
0
0
1
0
0
0
0
0
0
2
0
0
0
0
0
0
0
0
0
0
0
0
0
0
2
0
0
0
0
0
0
1
1
0
1
1
0
0
1
0
0
0
0
0
1
0
0
0
0
0
0
0
0
0
0
0
0
0
0
0
0
0
0
0
0
0
0
0
0
0
0
0
3
0
0
0
0
0
0
0
0
0
1
0
0
1
1
0
0
0
2
0
1
0
2
0
0
0
0
0
0
0
0
1
2
0
0
0
1
0
0
0
