v000035
0
0
0
0
1
1
0
0
0
0
1
0
1
4
0
0
0
0
0
1
0
0
0
1
1
0
0
0
0
0
0
0
0
0
0
0
0
0
0
0
1
0
1
1
0
1
2
0
2
1
0
0
0
1
0
0
0
0
0
0
2
0
2
0
0
1
2
0
1
0
0
1
0
0
3
0
0
1
0
0
0
0
0
0
0
0
1
0
2
0
0
1
1
0
1
0
1
0
0
0
1
0
1
0
0
0
1
0
1
0
0
0
0
0
0
0
2
0
0
0
0
4
2
0
1
0
1
1
0
0
0
0
0
2
0
0
0
0
0
0
1
0
0
0
4
0
2
2
0
0
0
1
0
2
1
0
0
0
0
0
0
0
0
1
0
1
2
1
0
0
0
0
1
0
0
2
0
0
0
1
0
0
2
1
1
1
0
0
0
0
1
1
0
0
1
1
0
2
0
0
0
0
0
1
0
1
0
2
0
3
1
0
0
1
0
0
1
0
2
1
2
0
1
1
2
0
0
0
1
0
0
0
0
0
0
0
0
0
1
0
0
0
0
0
1
0
1
0
2
0
0
1
0
2
5
3
0
0
0
1
2
1
0
0
0
1
0
0
1
2
0
0
1
1
0
0
0
1
0
0
0
0
0
0
0
2
0
0
2
0
0
1
0
0
1
0
0
1
0
1
1
0
0
0
1
0
0
2
1
0
1
3
0
0
0
0
0
0
0
3
0
1
1
2
0
0
1
0
0
0
0
0
0
2
3
2
0
0
1
0
0
0
0
0
0
0
1
2
0
0
1
0
0
1
1
1
2
0
0
2
2
0
2
0
0
3
0
0
0
0
1
1
0
2
1
0
1
1
0
0
1
1
1
0
0
0
1
1
2
2
0
0
0
1
0
0
0
0
0
0
2
0
1
1
1
1
1
2
1
0
0
0
0
1
3
0
0
0
0
0
0
0
0
0
0
0
0
0
0
1
0
0
0
1
1
2
0
0
0
3
0
1
2
0
0
2
0
2
0
1
1
0
1
1
1
0
1
0
0
1
0
1
2
0
0
0
0
4
1
0
2
1
0
0
2
0
1
0
0
1
0
0
2
0
1
0
0
1
1
0
1
0
0
0
3
1
1
0
0
2
0
1
3
0
2
1
2
0
1
0
0
1
0
0
0
1
2
0
1
0
1
1
0
1
0
0
0
1
1
1
0
0
0
1
1
0
1
1
0
0
1
0
1
1
0
0
1
0
1
0
0
1
0
2
1
0
2
0
0
0
0
0
2
0
1
0
2
0
1
1
1
1
2
0
0
0
0
0
0
1
1
0
2
0
0
1
0
1
0
2
2
0
2
1
3
2
0
1
1
0
1
0
0
1
1
0
2
0
0
0
0
0
0
0
0
0
2
0
0
2
0
0
0
0
0
0
0
0
0
1
0
1
3
0
0
1
0
0
0
0
0
1
0
0
0
0
0
0
2
0
0
0
0
2
1
2
1
0
0
1
0
0
0
0
0
0
0
0
2
1
1
0
0
2
0
0
0
0
0
1
0
0
0
0
3
0
0
0
0
0
1
2
2
0
0
5
0
1
0
1
0
0
0
0
0
0
1
0
0
3
0
3
0
2
0
1
0
1
0
1
0
0
0
1
0
0
0
0
20
21
33
22
10
23
11
19
6
27
28
23
36
15
25
13
4
1
21
4
12
26
15
1
3
5
16
16
12
8
1
16
23
8
13
12
20
12
4
18
22
4
24
13
20
8
13
8
7
4
12
22
8
23
0
26
11
11
9
23
22
8
7
11
3
1
7
3
8
2
14
7
18
9
11
16
18
21
43
28
1
35
27
1
24
2
20
25
5
16
8
7
2
3
11
6
15
7
13
8
5
13
10
12
6
9
25
5
9
14
14
4
15
8
12
6
11
14
2
17
21
27
0
26
6
71
21
16
26
15
3
12
12
20
21
5
29
16
27
19
19
1
7
11
3
27
16
10
15
31
17
1
11
16
17
24
2
20
10
12
31
18
14
14
8
9
4
10
9
17
8
3
3
7
8
8
13
32
23
15
11
26
10
14
7
14
4
5
5
18
13
19
26
14
5
29
3
45
14
18
2
7
15
28
33
8
24
35
12
12
6
8
10
9
7
15
20
9
24
10
16
8
8
17
28
4
3
16
5
8
38
26
32
11
15
16
8
3
8
21
4
14
21
27
10
26
19
18
8
23
22
27
14
13
0
0
0
0
0
0
2
0
0
0
0
1
0
0
0
0
0
0
0
0
2
0
0
0
0
0
0
0
0
0
0
0
0
0
0
0
0
0
0
0
0
0
0
0
1
0
0
0
0
0
31
0
0
0
0
0
0
0
0
0
0
0
1
3
0
1
0
0
0
0
0
0
0
0
0
0
0
0
0
0
0
0
2
1
0
0
0
0
0
0
1
0
1
0
0
2
2
0
0
0
0
0
0
0
11
0
0
0
0
0
0
0
0
0
0
0
0
0
0
0
0
0
0
0
0
0
0
0
0
0
0
0
0
0
0
0
0
0
0
0
3
0
0
0
6
0
0
0
0
0
0
0
0
0
0
0
0
0
0
0
0
0
0
0
0
2
1
0
0
0
0
0
1
0
0
0
1
0
5
0
0
0
0
0
0
0
0
0
0
0
0
1
0
0
0
0
0
0
0
0
0
2
0
0
0
0
0
0
0
0
0
0
0
0
0
4
0
0
1
0
0
0
0
0
0
0
1
0
0
2
0
0
0
0
0
0
0
0
0
0
0
0
0
0
0
0
0
0
3
0
0
0
0
0
1
0
0
0
0
0
0
0
0
0
0
0
0
0
0
0
6
0
0
0
0
0
1
0
0
0
0
0
0
0
0
0
0
0
0
0
1
0
0
0
0
0
0
0
0
0
0
0
0
0
0
2
0
0
0
0
0
0
0
0
0
0
4
0
0
0
0
0
0
0
0
2
0
1
0
0
0
0
5
0
0
0
0
0
0
0
5
4
0
0
0
0
0
0
0
0
0
0
0
0
0
0
0
3
2
0
2
0
0
0
0
0
0
0
0
0
0
0
0
0
0
1
0
0
0
0
0
2
0
0
0
0
0
0
0
0
0
0
0
0
0
0
0
0
0
0
0
0
0
0
0
0
0
0
0
0
0
1
0
0
0
0
0
0
1
0
0
1
0
0
0
0
0
0
0
0
0
8
0
0
0
0
0
0
0
0
4
0
0
0
0
0
0
0
0
0
0
0
0
0
0
0
0
0
0
0
0
0
2
0
0
0
0
0
0
0
0
0
0
0
6
0
0
0
0
0
0
0
0
0
0
0
0
0
0
0
0
0
0
0
0
0
0
0
0
0
0
1
0
0
1
1
0
0
0
0
0
0
0
0
0
0
0
0
0
2
0
0
0
0
0
0
0
0
0
0
1
0
0
0
0
0
2
0
0
0
0
0
0
0
0
0
0
0
0
0
0
0
0
0
0
0
0
0
0
0
0
1
0
0
0
0
0
0
0
0
0
0
0
0
0
0
0
0
0
0
0
0
3
0
0
0
0
0
0
0
0
0
1
0
0
0
0
0
1
0
0
0
0
0
0
1
0
0
0
0
0
0
0
0
0
0
0
0
0
0
0
0
1
0
0
0
2
0
5
0
0
0
0
0
0
1
0
0
0
0
3
5
2
0
0
0
0
0
1
0
0
0
0
0
0
0
0
0
0
0
0
0
1
0
0
0
0
0
0
0
0
0
0
1
1
0
0
0
0
3
2
0
0
0
0
0
0
0
0
0
0
0
0
1
0
0
0
0
0
0
0
0
5
1
1
0
0
0
0
3
0
0
0
0
0
0
0
0
1
0
0
0
0
0
0
1
0
0
0
0
0
1
1
1
1
0
0
0
0
0
1
0
2
2
0
1
0
1
1
0
0
0
0
0
0
3
0
0
0
1
0
0
0
0
0
3
1
0
0
1
0
0
1
1
0
0
0
2
3
0
1
1
0
0
1
1
6
0
0
0
0
0
0
0
0
0
0
0
0
0
0
0
0
1
1
0
0
1
0
0
0
0
0
0
0
0
1
0
0
1
0
0
0
0
0
0
1
0
