v000002
12
2
2
12
0
2
2
2
0
2
1
0
4
2
1
3
2
12
11
3
2
0
2
1
2
3
2
0
4
2
1
2
5
1
1
3
0
1
4
13
2
2
0
1
0
0
11
0
0
6
4
1
1
2
5
1
3
1
2
0
1
2
3
1
0
0
3
3
3
3
3
2
8
0
4
1
3
0
2
4
7
6
1
2
0
0
0
7
7
6
0
3
3
4
2
2
5
3
4
18
1
2
2
3
1
13
1
5
1
1
0
3
0
2
8
1
1
1
3
3
5
3
4
1
2
0
6
1
1
1
4
0
0
4
6
0
1
3
2
1
1
0
10
2
9
4
4
2
2
5
1
4
2
2
1
0
0
1
0
1
1
6
7
2
0
0
2
4
0
2
3
2
1
7
3
0
0
4
1
2
0
1
1
0
1
3
5
2
0
1
6
3
6
0
2
0
2
4
2
2
0
2
3
4
7
0
3
1
0
2
0
0
10
0
1
0
3
1
0
3
1
0
0
2
3
5
1
1
2
0
13
2
1
1
1
7
0
0
0
0
3
3
0
4
0
0
2
9
2
0
6
7
2
2
1
0
0
0
1
0
4
2
4
2
0
0
1
0
0
1
9
1
3
0
4
4
4
1
0
2
4
1
2
7
2
1
3
3
2
1
2
0
3
0
0
6
0
1
2
3
0
3
0
2
5
5
3
1
2
0
1
4
0
0
1
0
2
1
3
3
1
6
3
2
2
2
2
1
2
2
1
2
0
10
0
3
2
1
1
1
2
8
4
2
3
4
1
0
0
1
2
1
0
3
2
2
3
1
0
0
1
2
3
0
1
2
3
4
3
0
4
2
3
0
0
0
3
2
2
0
1
1
1
6
0
5
0
6
0
3
2
1
0
2
1
1
0
2
7
4
0
1
2
1
1
5
2
1
1
2
3
5
2
1
3
0
2
2
0
0
6
1
0
2
3
0
8
4
6
1
0
10
4
4
2
1
3
0
0
1
1
5
1
0
1
2
1
5
1
2
1
1
3
0
1
8
3
1
0
0
2
0
3
1
1
0
4
4
0
1
3
7
7
2
1
8
4
0
0
1
0
0
1
2
1
3
0
3
6
0
3
1
0
0
6
4
2
3
2
0
0
2
0
2
5
4
1
5
2
0
0
4
2
2
2
1
1
4
0
0
2
1
11
0
10
0
0
1
0
1
0
0
0
0
0
5
5
2
0
0
2
4
8
2
13
4
2
1
1
3
0
2
1
1
0
15
5
2
6
0
2
4
4
2
1
1
1
0
2
1
0
0
1
1
1
1
1
1
4
0
2
5
6
1
0
7
0
2
4
0
1
1
7
4
2
1
5
4
1
3
0
5
4
2
0
5
1
9
2
4
2
10
6
2
4
0
3
2
1
5
3
0
2
15
2
0
3
5
2
4
2
0
1
0
0
3
2
1
10
1
0
1
3
4
2
1
1
1
6
2
3
1
1
0
0
1
6
3
1
3
0
2
11
0
1
5
3
6
7
0
2
1
1
3
7
5
0
1
0
0
0
0
1
3
5
1
2
2
4
0
3
4
2
10
0
6
1
1
5
0
6
0
4
0
0
5
2
0
0
2
4
0
2
2
7
0
15
4
1
0
5
1
7
7
2
1
1
2
68
27
50
43
43
56
38
61
44
52
61
49
28
24
42
42
20
2
17
64
42
27
47
46
27
19
41
68
54
39
20
62
27
53
37
26
34
60
72
30
18
35
19
16
37
13
54
46
117
31
45
42
36
40
42
110
15
43
41
46
22
31
64
40
22
42
65
16
21
51
28
25
33
45
37
30
38
13
32
29
39
48
65
16
55
22
60
41
43
24
49
47
5
21
26
10
30
17
14
22
9
30
47
24
79
61
49
67
34
22
67
20
31
74
29
32
57
48
28
38
40
42
57
36
34
26
45
29
50
65
17
64
45
33
41
15
55
43
75
34
49
35
46
22
84
81
31
30
44
38
32
13
50
36
58
23
48
32
38
27
36
44
60
33
32
31
9
38
20
31
28
31
45
66
32
12
39
36
53
22
25
20
12
22
33
30
16
25
15
20
26
68
44
50
34
37
21
86
18
27
3
83
45
101
71
81
40
35
19
21
37
32
48
56
26
16
65
56
52
32
38
41
18
42
44
35
39
40
48
28
44
39
92
44
50
29
59
42
44
30
37
32
51
45
36
50
66
63
22
28
47
31
72
32
3
3
2
1
3
0
16
3
1
0
5
4
2
4
5
1
1
3
0
1
12
2
3
0
5
2
8
1
2
2
0
0
9
2
0
26
4
0
1
2
0
2
1
1
5
1
0
2
4
0
52
3
3
6
2
1
1
0
1
0
4
1
1
1
1
0
2
1
6
5
2
1
2
4
4
8
3
2
0
4
0
1
2
0
1
2
2
2
1
0
3
2
3
0
3
19
6
0
4
1
3
0
1
1
26
4
3
0
2
1
1
4
1
1
0
1
3
0
4
2
3
5
1
10
1
2
8
6
5
2
0
1
1
1
1
1
2
2
2
3
3
7
1
1
1
6
3
2
0
2
3
6
1
4
0
0
0
5
1
0
9
1
3
6
1
4
2
6
1
0
3
1
2
1
2
8
3
1
5
1
5
3
1
0
3
0
0
2
5
2
1
1
1
12
1
0
4
3
3
1
7
3
3
2
1
2
7
0
1
0
2
8
1
1
0
12
3
0
4
9
3
1
8
2
2
2
3
6
1
2
2
0
1
14
1
0
1
0
1
2
3
9
1
1
1
2
2
5
50
3
2
1
7
2
0
3
2
3
4
3
1
1
0
1
1
2
2
0
0
7
1
4
0
5
1
2
3
0
0
3
3
3
5
1
1
2
0
2
1
0
3
6
2
1
1
1
4
2
0
0
4
5
0
1
1
7
6
6
1
2
3
1
1
2
1
2
11
0
2
1
1
3
3
1
2
2
1
10
2
6
4
5
7
2
2
3
4
0
5
4
11
10
2
5
1
2
13
4
2
0
0
2
0
2
1
5
0
1
2
1
4
4
0
1
0
5
2
1
3
1
2
4
5
2
3
0
1
0
1
2
1
2
4
0
2
3
0
2
1
7
1
2
3
0
2
0
1
6
3
3
3
1
3
5
7
2
1
2
3
4
2
1
3
6
0
1
1
3
5
3
1
1
2
1
5
1
2
1
11
8
1
19
0
2
1
2
10
4
1
3
13
1
1
3
1
3
4
3
2
6
1
0
1
3
2
2
0
0
4
2
1
0
2
0
0
3
5
2
6
1
6
1
2
0
14
2
5
2
3
3
2
2
2
2
0
3
2
3
1
1
9
1
5
1
0
1
2
2
7
0
1
1
0
0
2
0
0
1
6
1
5
0
0
0
0
2
0
3
1
16
1
3
1
1
3
1
1
2
3
4
18
0
1
3
2
1
2
2
0
0
0
2
5
1
4
0
4
1
2
1
1
0
1
1
2
4
3
0
4
5
2
6
1
1
0
0
1
0
1
2
4
0
2
0
0
2
6
1
3
1
3
0
2
2
2
1
4
1
0
1
0
2
6
3
4
3
9
4
1
3
3
1
6
4
0
2
6
0
0
1
3
1
1
0
4
1
1
6
1
2
2
3
0
1
1
1
1
1
3
4
7
5
5
2
2
1
7
2
2
0
16
2
5
1
8
7
6
0
6
3
0
1
1
0
0
4
0
0
0
4
5
0
16
1
2
2
2
2
3
0
5
4
2
4
4
1
1
4
4
1
20
0
3
2
0
3
3
1
3
2
3
0
3
5
1
1
6
1
4
2
1
3
0
2
1
0
4
3
5
0
0
1
0
3
0
1
1
0
1
1
3
0
0
0
1
0
1
1
1
1
1
0
1
0
3
0
0
3
1
1
0
1
2
0
0
0
0
0
1
1
0
3
1
0
1
3
3
4
2
0
3
2
0
0
0
3
0
5
0
8
0
0
0
3
0
2
0
6
0
2
0
0
0
0
0
0
1
0
0
0
1
0
2
0
2
0
0
22
0
0
2
1
0
0
12
1
3
4
1
1
0
1
0
0
0
0
1
2
8
0
3
0
0
0
2
1
6
0
