v000005
5
1
1
19
2
4
1
3
0
0
1
0
0
2
1
2
1
5
1
0
4
0
1
0
0
2
1
2
1
2
0
2
2
1
2
6
0
0
4
10
0
1
5
1
1
0
12
1
1
2
5
2
3
1
1
2
2
1
2
0
0
4
1
0
1
1
1
2
2
0
1
0
2
2
0
0
0
2
0
0
1
3
4
1
0
1
2
2
1
2
0
1
3
1
3
3
0
5
4
2
3
0
2
1
1
1
1
0
1
9
0
3
0
3
3
5
0
0
0
3
2
1
3
5
0
1
0
3
4
1
0
3
0
1
3
1
1
0
2
7
2
1
2
3
1
0
3
3
0
2
1
0
2
1
5
0
0
0
0
0
3
4
3
1
3
2
3
2
2
5
1
1
0
1
2
1
0
9
0
1
0
1
2
6
1
0
0
0
3
0
1
0
1
1
1
2
0
1
1
0
5
1
2
1
1
1
3
0
1
1
0
1
2
3
3
0
3
2
0
2
2
3
1
2
0
14
1
0
0
1
7
2
0
1
4
0
0
2
0
0
3
2
4
3
1
0
0
3
2
1
1
1
8
1
0
2
2
0
0
3
3
0
2
1
1
1
1
0
0
4
15
0
2
0
0
5
0
2
4
2
0
1
3
1
1
2
1
1
3
2
3
3
1
0
4
0
1
2
0
7
0
1
3
0
4
1
0
0
1
6
2
2
1
2
3
1
0
8
3
0
0
1
0
2
0
0
0
3
0
0
1
0
2
3
3
4
1
1
0
0
5
0
0
2
0
0
2
1
1
0
3
2
2
1
2
2
2
1
0
0
1
3
4
4
1
0
0
0
1
1
1
0
2
4
1
1
1
3
0
4
0
1
1
6
3
1
0
1
3
1
1
4
1
0
3
0
4
0
3
0
3
0
0
2
1
6
0
1
2
1
2
6
4
5
0
1
0
4
2
2
0
1
4
5
2
1
1
3
2
8
0
0
0
2
0
0
2
1
1
0
3
1
0
4
3
1
1
0
3
2
1
1
3
2
1
8
2
1
2
2
1
0
3
5
1
0
2
1
7
0
3
0
2
3
1
3
1
0
0
3
1
1
3
1
1
0
3
2
1
2
0
1
2
0
3
1
2
1
2
2
0
1
0
2
3
3
4
3
1
2
3
0
0
0
0
0
1
3
0
8
1
0
2
0
4
3
0
3
1
1
1
1
7
3
1
1
1
6
2
1
0
0
2
1
6
0
4
0
2
0
0
1
1
3
0
0
1
1
0
1
3
3
1
0
6
0
1
2
1
2
0
0
0
0
0
1
1
0
0
0
0
0
2
1
0
3
2
0
0
2
1
3
7
19
2
0
1
3
3
4
4
0
3
1
1
3
0
1
1
4
2
2
2
3
4
1
3
1
1
1
0
2
2
16
4
5
0
1
0
1
3
0
4
0
1
0
0
0
4
1
0
3
0
1
2
0
3
4
4
0
1
1
0
0
0
3
9
3
1
2
0
0
1
0
5
1
1
0
4
0
2
0
0
1
1
1
1
0
5
0
0
0
0
0
3
4
3
2
1
0
2
2
2
0
0
2
0
0
1
0
3
0
1
0
2
5
3
0
4
0
1
2
2
4
2
6
7
3
1
0
8
2
1
1
0
0
1
4
27
21
48
46
15
27
42
37
38
50
32
29
36
23
41
35
8
6
33
24
17
19
43
59
19
15
24
33
39
42
4
43
38
41
18
18
31
44
55
39
17
29
35
24
22
25
33
28
25
13
18
29
33
39
32
32
23
11
33
37
14
22
50
37
21
45
30
11
20
20
29
35
37
24
31
27
29
38
17
24
24
28
50
18
31
7
39
30
35
35
58
30
2
20
31
29
38
17
25
13
20
19
64
20
46
31
22
52
31
27
32
35
28
46
21
26
47
29
23
19
36
42
31
37
37
19
37
35
57
41
22
49
18
44
30
19
42
33
48
20
33
20
40
26
44
92
16
43
38
31
35
9
22
29
18
30
33
31
37
36
21
32
36
45
25
24
10
42
18
36
15
22
40
36
19
42
41
32
29
37
7
41
19
19
18
23
15
16
26
16
25
29
52
35
29
32
29
56
25
42
8
23
38
60
52
32
24
30
31
18
23
72
26
62
24
31
46
46
19
25
37
24
36
44
36
31
26
38
46
32
42
26
52
29
25
40
25
37
36
25
23
26
24
47
25
30
29
28
27
38
34
30
26
25
1
0
1
0
1
3
2
4
1
4
3
6
1
2
0
1
0
3
0
0
12
4
3
1
0
1
3
2
0
0
0
0
3
1
1
16
2
1
1
0
0
1
2
0
8
1
0
2
2
1
45
0
0
0
3
1
1
0
0
0
2
1
4
0
0
0
0
0
5
1
3
0
1
1
0
1
0
1
1
2
0
2
0
0
0
0
2
2
0
0
1
1
3
1
0
5
2
0
6
1
2
1
2
3
16
0
1
0
0
0
0
0
1
0
1
0
0
0
3
0
1
1
0
0
0
1
2
5
0
0
0
1
3
0
0
0
0
0
0
1
0
1
0
1
3
0
0
2
2
1
0
2
1
1
0
0
0
0
2
1
3
2
0
0
1
1
1
0
2
0
0
3
0
3
0
1
3
2
4
0
0
6
1
1
1
0
1
0
2
2
2
1
0
2
3
4
0
1
1
2
1
3
1
0
0
1
1
0
1
0
1
6
0
0
0
16
0
0
2
3
0
0
2
0
0
0
3
3
1
0
0
0
0
2
0
0
1
0
0
2
0
1
1
1
1
0
0
1
12
1
1
0
1
2
1
2
1
1
1
0
0
0
3
0
5
0
0
1
0
0
5
1
1
2
0
0
0
1
1
2
1
3
1
1
1
2
1
1
0
1
0
1
0
1
0
3
4
1
0
0
2
1
1
1
0
3
2
0
0
0
0
2
0
0
4
1
4
1
0
0
2
3
0
3
1
1
0
3
0
2
1
1
4
2
0
1
1
2
4
0
3
9
4
1
0
0
3
0
0
3
1
0
2
0
1
0
0
1
5
3
2
0
0
0
0
1
1
0
3
0
1
1
0
1
3
1
0
0
1
0
2
2
3
1
1
1
1
3
1
7
2
2
1
0
4
0
0
3
1
0
2
1
0
1
4
0
0
0
0
3
2
1
2
1
3
0
2
2
4
0
2
0
3
0
1
3
1
1
1
2
0
14
0
3
0
0
2
3
0
4
7
0
0
2
0
1
2
0
1
3
1
0
2
2
1
0
2
0
2
2
1
0
0
0
3
1
0
0
1
0
2
0
1
0
10
3
2
0
1
1
1
1
0
0
0
1
5
1
0
0
2
0
3
1
3
1
0
0
9
0
0
0
0
2
1
2
1
1
3
0
0
1
0
0
0
2
1
1
0
5
0
2
0
2
1
0
3
1
3
2
6
0
0
0
0
0
2
1
2
1
0
1
1
2
0
0
3
0
5
1
1
1
0
0
1
3
4
0
9
6
0
3
4
0
0
0
1
0
3
1
0
1
0
0
4
1
3
1
2
1
2
0
1
1
0
2
2
0
0
1
1
0
3
5
0
2
9
2
3
0
0
2
2
1
0
1
2
0
1
0
1
2
0
0
0
0
0
0
0
2
5
1
1
2
0
0
3
2
0
2
0
1
0
0
0
0
0
1
3
0
14
1
0
0
4
3
1
4
0
1
0
4
1
5
1
6
0
1
0
2
1
1
11
0
0
1
0
0
2
0
2
4
1
1
1
2
0
1
3
0
12
0
2
2
1
2
2
1
2
1
0
0
0
0
1
2
2
0
0
0
3
4
1
0
1
0
2
0
1
1
0
0
0
1
1
2
2
0
0
0
0
0
0
0
0
1
5
3
1
0
1
2
3
1
4
3
0
1
1
0
1
0
1
2
0
0
2
1
0
0
1
6
2
4
0
2
0
1
1
4
1
0
0
0
0
1
0
3
0
0
0
1
1
1
1
0
1
2
0
2
0
2
0
0
0
0
5
1
0
1
0
0
1
0
0
1
1
0
1
0
1
0
3
1
12
0
3
4
0
1
2
0
2
1
3
1
2
1
0
0
0
0
0
2
0
1
0
1
