v000067
0
1
1
1
1
2
0
0
0
0
0
0
0
0
0
0
0
0
0
0
0
1
1
0
0
0
0
0
0
0
0
0
0
1
0
0
0
0
0
0
3
0
1
0
0
0
1
0
1
0
0
0
0
0
0
0
0
0
0
0
0
1
0
0
0
0
0
0
0
0
2
0
0
0
0
0
0
0
0
0
0
0
0
0
0
0
0
0
0
0
0
0
0
0
0
0
1
0
0
0
0
0
0
0
0
1
0
0
0
0
0
1
0
0
0
0
0
0
0
0
0
1
0
0
0
0
0
0
0
0
0
0
0
0
0
0
0
0
0
0
0
0
0
0
1
0
2
0
0
0
1
0
0
0
0
0
0
0
0
0
0
0
0
0
0
0
0
0
0
0
0
2
0
1
0
0
0
0
0
0
0
0
0
0
0
0
0
0
0
0
0
0
1
0
0
0
0
0
1
0
0
0
0
0
0
0
0
0
0
0
0
0
0
0
1
0
0
0
1
0
0
1
1
0
0
0
0
0
1
0
0
0
1
0
0
0
0
0
0
0
1
0
0
0
0
0
0
0
0
0
0
1
0
0
0
0
0
0
0
0
0
0
0
0
0
0
0
0
0
0
0
0
0
0
0
0
0
0
0
0
0
0
0
0
0
0
0
1
0
0
0
0
0
0
0
0
0
0
0
0
0
0
0
0
1
1
0
0
0
0
0
0
0
0
0
0
2
0
0
0
0
1
0
0
0
0
0
0
0
1
0
0
1
0
0
0
0
0
0
0
0
0
0
0
0
0
0
0
0
0
0
0
0
1
0
0
0
2
0
0
0
0
0
1
2
1
0
0
0
0
1
0
0
0
0
0
0
0
0
0
0
0
0
0
0
0
0
0
0
0
0
0
0
0
0
0
2
0
0
0
0
1
0
0
0
0
0
0
0
0
0
0
0
0
0
0
0
0
0
0
0
0
1
0
0
0
0
1
0
0
0
0
0
0
0
0
0
0
0
1
0
0
0
0
0
0
0
0
0
0
0
0
0
0
0
0
1
0
0
0
0
0
0
1
0
0
0
0
0
0
0
0
0
0
0
0
0
0
0
0
0
0
0
0
1
0
1
0
0
0
0
0
0
0
0
1
2
0
0
0
0
0
0
0
0
1
0
0
0
0
0
0
0
0
0
0
0
0
0
0
0
0
0
0
0
0
0
0
0
0
1
0
1
0
0
0
0
0
0
0
1
0
0
0
0
0
0
0
0
0
1
0
0
0
0
0
0
0
0
0
0
0
0
0
0
0
0
0
0
1
2
0
0
0
0
0
1
0
1
0
0
2
0
0
0
0
0
0
0
0
0
0
0
0
2
0
0
0
0
0
0
0
0
0
0
0
0
0
0
0
0
0
1
0
1
0
0
0
0
0
0
0
0
1
0
0
0
0
0
0
0
0
1
0
0
0
0
0
0
1
0
0
0
0
0
0
0
0
0
0
0
0
0
0
0
0
0
0
0
0
0
0
0
0
0
0
0
1
0
0
0
0
0
0
1
0
0
2
0
0
0
0
0
2
0
0
0
0
0
0
0
0
0
0
1
0
0
0
0
0
0
0
0
0
0
0
0
2
0
1
0
0
1
0
0
0
0
0
0
0
0
0
0
0
0
0
0
0
25
25
16
7
40
36
12
18
11
8
10
5
18
8
32
3
9
0
13
11
17
9
14
5
5
20
10
5
12
4
4
23
5
12
10
4
14
7
24
24
30
3
19
1
1
1
6
3
4
3
14
21
13
8
2
21
4
12
3
10
5
25
14
4
16
5
7
1
3
13
9
3
10
4
2
12
6
15
18
4
7
14
24
6
16
9
8
20
13
13
6
15
9
2
5
5
3
8
12
27
4
0
8
7
23
6
17
7
6
7
13
12
11
13
22
3
9
13
4
10
44
56
2
16
10
15
17
11
62
8
7
15
14
2
40
3
10
18
22
11
19
2
6
4
13
10
22
6
17
14
1
2
26
6
32
19
3
24
23
6
12
16
7
10
16
6
8
12
9
2
9
3
11
5
7
7
12
3
20
5
0
21
5
4
5
23
19
3
6
8
8
29
13
10
2
8
4
74
5
12
8
6
66
55
26
9
2
8
3
31
4
7
28
15
4
13
4
14
10
8
29
9
7
6
9
20
12
10
7
9
21
18
10
13
2
13
5
4
8
3
7
12
7
10
2
30
27
45
7
44
13
1
22
5
0
0
0
1
0
0
4
0
0
0
1
0
0
0
2
0
0
0
0
0
2
0
2
0
0
1
0
0
1
0
0
0
0
0
5
3
0
0
1
0
0
0
1
0
3
0
0
0
0
0
56
1
0
0
0
0
0
0
1
0
0
0
0
0
0
0
0
0
0
0
3
0
2
0
0
0
0
0
0
0
0
0
0
1
0
0
5
0
0
0
0
0
2
0
0
0
1
0
2
2
0
0
0
1
6
0
0
0
2
0
0
0
3
0
0
0
0
0
1
0
0
0
0
0
0
1
0
3
0
0
4
0
0
0
0
2
1
0
0
0
1
0
0
0
1
0
0
0
0
0
3
0
0
0
0
2
1
0
0
0
0
0
0
0
0
2
0
0
0
0
0
0
0
0
0
0
2
0
3
0
1
2
0
0
0
2
0
0
0
0
0
4
1
0
0
0
0
0
0
0
0
0
0
0
0
4
0
0
1
0
0
0
2
0
0
8
0
0
0
1
0
0
0
0
0
0
1
0
0
0
1
1
0
1
0
0
0
0
0
2
0
0
0
0
0
0
0
0
3
0
0
0
1
0
0
0
0
0
0
0
0
0
0
3
0
0
0
0
0
0
19
14
0
0
0
0
0
0
0
0
1
1
0
0
0
0
0
0
0
0
1
0
0
0
0
2
0
0
5
0
0
0
0
0
0
0
0
1
0
1
0
2
0
0
1
0
12
0
0
0
0
0
0
0
0
0
0
1
0
1
0
0
5
0
0
1
1
5
0
0
15
9
0
5
0
0
1
0
0
0
0
0
0
0
0
0
0
0
1
0
0
0
0
0
0
0
0
1
0
0
0
0
0
0
0
0
1
0
0
0
3
1
2
0
2
0
1
0
3
0
0
1
0
0
0
0
0
4
0
0
0
0
0
2
0
1
0
0
0
0
1
0
0
3
0
0
0
16
3
0
6
1
0
0
0
0
1
0
0
2
0
10
0
0
0
0
0
0
0
0
4
0
0
0
0
0
0
0
1
0
0
0
0
0
2
0
0
0
1
1
0
0
0
0
1
0
0
0
0
0
0
0
0
0
5
0
0
0
0
0
0
0
0
0
0
0
1
0
0
0
3
0
0
0
0
0
0
0
0
0
0
0
0
0
0
0
0
0
0
0
0
0
0
0
0
0
0
0
0
0
0
0
0
0
0
8
0
0
4
0
6
0
1
0
0
0
0
0
0
0
0
0
0
1
1
0
0
0
0
0
0
0
0
0
0
1
0
0
3
0
2
1
0
0
0
0
0
0
0
0
1
0
0
0
0
0
0
0
0
0
0
0
1
0
0
0
0
0
0
0
1
0
1
0
0
0
0
1
1
0
0
0
0
6
0
0
0
0
0
0
0
0
0
0
1
1
0
0
0
0
3
1
2
0
0
0
1
0
0
0
0
0
0
0
0
0
0
0
0
0
7
4
1
0
1
2
0
0
1
0
0
0
0
2
0
1
1
0
0
1
0
0
4
0
0
0
0
0
0
0
0
0
0
0
1
1
0
0
0
0
2
0
0
0
0
0
0
0
0
0
0
2
0
0
0
0
0
0
0
0
0
0
0
0
0
0
0
0
0
0
0
1
0
0
0
0
0
0
0
1
0
0
0
0
0
1
0
0
0
0
0
0
0
0
5
0
0
0
0
0
0
0
0
2
0
0
0
0
0
0
0
0
0
0
0
0
0
0
0
0
0
0
0
0
0
7
0
0
0
0
0
0
0
0
0
0
0
0
0
0
0
0
0
0
0
0
1
0
0
0
1
0
0
0
0
0
0
0
0
0
0
0
0
0
0
0
0
0
0
0
0
1
0
0
0
1
0
0
0
0
1
0
0
0
0
2
1
0
